# Dynamical information [code units]
#1:t #2:Dt #3:tcount #4:N #5:M #6:VR #7:N_c #8:r_c #9:r_max #10:Etot #11:KE #12:PE #13:Etot_int #14:Etot_bin #15:E_cenma #16:Eesc #17:Ebesc #18:Eintesc #19:Eoops #20:Etot+Eoops #21:r_h #22:rho_0 #23:rc_spitzer #24:v0_rms #25:rc_nb #26.DMse(MSUN) #27.DMrejuv(MSUN) #28.N_c_nb
0 0 1 400000 1 1 46430.988 0.35876035 0 -1.2380586 0.25 -0.5 0 -0.98805862 0 0 0 0 0 -1.2380586 0.81320756 8.1718261 0.14250665 0.83375607 0.30380522 0.00032733165 0 28195.534
1.454819e-06 1.454819e-06 1 400003 0.99991711 0.99715612 46430.988 0.35876035 4.2618254 -1.2368879 0.24858887 -0.49859568 0 -0.98688455 0 3.4936756e-06 0 0 0 -1.2368879 0.8158328 8.1718261 0.14250665 0.83375607 0.30380522 0 0 28195.533
4.4323088e-06 2.9774899e-06 2 399996 0.99978451 0.99504194 41837.898 0.3616956 7.7687324 -1.2344565 0.24744675 -0.49735944 0 -0.98455011 0 6.2671453e-06 0 0 0 -1.2344565 0.81792088 6.4317208 0.15967274 0.82877886 0.31011768 0 0 26370.586
7.1527316e-06 2.7204228e-06 3 399991 0.99965987 0.99388655 43987.806 0.36204659 5.9957148 -1.2321927 0.24679682 -0.49662977 0 -0.98237304 0 1.3990374e-05 -6.6891403e-07 0 0 -1.2321927 0.81771882 6.7981873 0.15466161 0.82532197 0.30734442 0 0 26910.075
9.8640153e-06 2.7112837e-06 4 399987 0.99953357 0.99940454 42513.242 0.36214109 7.2720014 -1.2298925 0.2494457 -0.49918865 0 -0.98016689 0 1.8024667e-05 -6.6891403e-07 0 0 -1.2298925 0.80989873 6.4933615 0.15881133 0.82824835 0.30226707 0 0 24720.847
1.1919893e-05 2.0558776e-06 5 399984 0.9994324 1.0030438 53173.287 0.35794908 7.4500161 -1.2281174 0.25120844 -0.50089225 0 -0.9784516 0 1.866418e-05 -6.6891403e-07 0 0 -1.2281174 0.81684707 9.2932043 0.13330365 0.83170456 0.2641708 0 0 21373.921
1.4537658e-05 2.6177646e-06 6 399978 0.99929761 0.99722713 44514.871 0.36155034 7.6289044 -1.225815 0.24821096 -0.49780226 0 -0.9762455 0 2.244527e-05 -6.6891403e-07 0 0 -1.225815 0.81576775 6.9776925 0.15384961 0.83175731 0.31690367 0 0 29976.479
1.6923427e-05 2.3857696e-06 7 399974 0.99913993 0.99622485 47307.847 0.36391772 10.088343 -1.2236745 0.24763952 -0.49715588 0 -0.97418687 0 2.9382936e-05 -6.6891403e-07 0 0 -1.2236745 0.81609628 6.9788512 0.1530529 0.82751874 0.30468484 0 0 27763.621
1.7632166e-05 7.0873869e-07 8 399976 0.9991033 0.99550131 42366.332 0.36773694 7.8743941 -1.2230327 0.24729752 -0.49683012 0 -0.97353965 0 4.0254583e-05 -6.6891403e-07 0 0 -1.2230327 0.81474319 5.6942759 0.16925501 0.82661843 0.32628808 0 0 29594.615
2.0720099e-05 3.0879327e-06 9 399973 0.9989488 0.99576786 41746.191 0.36495209 7.9727768 -1.2201807 0.24731391 -0.49673005 0 -0.97080564 0 4.1765133e-05 -6.6891403e-07 0 0 -1.2201807 0.8126567 6.3530293 0.15965426 0.82359795 0.31425372 0 0 26653.276
2.247878e-05 1.7586809e-06 10 399969 0.99885548 0.99375688 40218.435 0.36405611 8.2695935 -1.2185201 0.24625448 -0.49560307 0 -0.96921448 0 4.3592728e-05 -6.6891403e-07 0 0 -1.2185201 0.82342092 6.206036 0.16221425 0.82706653 0.32750866 0 0 29281.18
2.5013463e-05 2.5346835e-06 11 399964 0.99871315 0.99123409 39936.538 0.36566194 8.3616484 -1.2160808 0.24492013 -0.49417212 0 -0.96687394 0 4.5797677e-05 -6.6891403e-07 0 0 -1.2160808 0.82265205 5.7373823 0.16855282 0.82629898 0.33118076 0 0 29670.607
2.6541441e-05 1.5279778e-06 12 399964 0.99863346 0.99254568 42026.834 0.36757811 8.3624914 -1.2145823 0.24552262 -0.49473314 0 -0.96541705 0 4.5964077e-05 -6.6891403e-07 0 0 -1.2145823 0.81770502 5.504349 0.17216545 0.82669116 0.32515223 0 0 29089.615
2.9310466e-05 2.7690252e-06 13 399959 0.99848068 0.9992032 50230.397 0.36306833 9.4267405 -1.2118034 0.24870634 -0.49780934 0 -0.96275432 0 5.4603291e-05 -6.6891403e-07 0 0 -1.2118034 0.81548192 7.4938401 0.14626364 0.81946966 0.29111481 0 0 25893.716
3.1287003e-05 1.9765365e-06 14 399957 0.99836763 1.0005106 46741.74 0.35871802 7.6643227 -1.2097685 0.24928556 -0.49831667 0 -0.960804 0 6.7307361e-05 -6.6891403e-07 0 0 -1.2097685 0.80917996 7.4573557 0.14846116 0.82975445 0.28841426 0 0 24293.801
3.2485374e-05 1.1983714e-06 15 399955 0.99829903 1.0039924 38039.716 0.35895828 10.841118 -1.2085171 0.25097907 -0.49996209 0 -0.95960072 0 6.7340214e-05 -6.6891403e-07 0 0 -1.2085171 0.80699175 5.9307386 0.16608452 0.82780461 0.31165242 0 0 24895.272
3.6368283e-05 3.8829089e-06 16 399945 0.99806531 1.0004969 47865.367 0.3540138 7.0940538 -1.204324 0.24905439 -0.49786142 0 -0.95558796 0 7.1661831e-05 -6.9559537e-07 0 0 -1.204324 0.81033371 8.9750256 0.13690008 0.83939397 0.28032952 0 0 23766.616
3.9157376e-05 2.7890934e-06 17 399943 0.99788768 1.0038922 52881.941 0.35824794 7.9287432 -1.2011983 0.25062631 -0.49930919 0 -0.9525888 0 7.4100975e-05 -6.9559537e-07 0 0 -1.2011983 0.81180145 7.5067149 0.14814277 0.83071058 0.28758627 0 0 27356.513
4.0219766e-05 1.0623899e-06 18 399942 0.997819 0.99668444 40691.297 0.36057596 7.7311312 -1.199975 0.24699132 -0.49562592 0 -0.9514148 0 7.5089881e-05 -6.9559537e-07 0 0 -1.199975 0.81449489 6.6001867 0.15791063 0.83029761 0.30637219 0 0 24960.844
4.2763237e-05 2.5434708e-06 19 399939 0.99765705 1.0043252 40421.196 0.36105944 7.1005594 -1.1969822 0.2506701 -0.49918114 0 -0.94854584 0 7.5414872e-05 -6.9559537e-07 0 0 -1.1969822 0.80967684 6.0201144 0.16542774 0.83072067 0.31597785 0 0 27092.118
4.4212748e-05 1.4495112e-06 20 399936 0.99755788 0.99442818 41936.649 0.35868794 7.9141907 -1.1952262 0.24568095 -0.49411502 0 -0.94686683 0 7.5414952e-05 -7.2098379e-07 0 0 -1.1952262 0.81754705 6.8649792 0.1550111 0.83124051 0.29454144 0 0 23221.091
4.589331e-05 1.6805614e-06 21 399935 0.9974453 1.0002891 41909.834 0.36175706 7.5951506 -1.193153 0.24849295 -0.49684226 0 -0.94487832 0 7.5333056e-05 -7.2098379e-07 0 0 -1.193153 0.81144219 6.1509662 0.16383839 0.83163288 0.32050817 0 0 29146.216
4.7824589e-05 1.9312795e-06 22 399934 0.997312 1.0029155 41813.936 0.35950686 7.727445 -1.1907076 0.24970043 -0.49794908 0 -0.94253455 0 7.6373693e-05 -7.2098379e-07 0 0 -1.1907076 0.81899145 6.4920656 0.15919547 0.83016892 0.30524335 0 0 25593.999
5.035564e-05 2.5310507e-06 23 399931 0.99712704 1.0025149 45268.601 0.35768544 8.1498856 -1.1873973 0.24936126 -0.49747144 0 -0.93936228 0 7.5967916e-05 -7.9511232e-07 0 0 -1.1873973 0.81270876 7.5911259 0.14856862 0.83776937 0.3090489 0 0 29199.467
5.2995974e-05 2.6403346e-06 24 399927 0.99692873 1.0011253 43900.538 0.35513131 7.7812993 -1.1838031 0.24851384 -0.49646901 0 -0.9359238 0 7.6707639e-05 -7.9511232e-07 0 0 -1.1838031 0.8143723 7.2393026 0.15178693 0.83584751 0.29023196 0 0 23962.86
5.5816672e-05 2.8206979e-06 25 399920 0.99670469 0.99646456 40830.892 0.35770169 11.050176 -1.1798009 0.24603885 -0.49382358 0 -0.93209352 0 7.8106618e-05 -7.9511232e-07 0 0 -1.1798009 0.81669895 6.0419149 0.16578123 0.83400174 0.30636486 0 0 25653.272
5.7991636e-05 2.1749637e-06 26 399916 0.99652594 0.99988164 44624.829 0.36064495 8.0916749 -1.176593 0.24759221 -0.49524304 0 -0.92902284 0 8.151879e-05 -7.9511232e-07 0 0 -1.176593 0.81388136 6.8309454 0.15515958 0.82997172 0.30236056 0 0 26297.377
6.0246815e-05 2.2551785e-06 27 399912 0.99633316 0.99914856 51508.738 0.35763411 7.173215 -1.1731407 0.24707993 -0.49458097 0 -0.92572207 0 8.320064e-05 -7.9511232e-07 0 0 -1.1731407 0.81616743 8.6356443 0.13840944 0.83244851 0.27688962 0 0 23904.747
6.1622323e-05 1.3755089e-06 28 399908 0.99620949 1.0041991 38987.922 0.36160467 7.3102663 -1.1709744 0.24949699 -0.49690739 0 -0.92364752 0 8.4293224e-05 -7.9511232e-07 0 0 -1.1709744 0.80897074 5.7156165 0.1693777 0.8287663 0.31240741 0 0 25141.547
6.239667e-05 7.7434633e-07 29 399907 0.99614041 1.0020023 44490.387 0.35956334 7.341721 -1.1697306 0.24834976 -0.49570698 0 -0.92245827 0 8.5716798e-05 -7.9511232e-07 0 0 -1.1697306 0.80953077 7.282593 0.15060018 0.83178833 0.29724732 0 0 25135.863
6.4624969e-05 2.2282987e-06 30 399907 0.995937 1.0014354 41493.998 0.36025783 7.9008767 -1.166064 0.24790792 -0.49510515 0 -0.91895169 0 8.5716798e-05 -7.9511232e-07 0 0 -1.166064 0.81134916 6.5503838 0.15855958 0.83055839 0.31202025 0 0 26958.352
6.7683464e-05 3.0584952e-06 31 399903 0.99563502 1.0003868 41664.708 0.36241016 6.8912422 -1.1608008 0.24716342 -0.49413571 0 -0.91392049 0 9.2815607e-05 -7.9511232e-07 0 0 -1.1608008 0.81248311 6.2804721 0.16191193 0.83046111 0.31990789 0 0 28657.751
6.9283687e-05 1.6002234e-06 32 399901 0.99547278 1.0025889 39962.526 0.36233247 7.4798907 -1.1579391 0.24813229 -0.49498312 0 -0.91118312 0 9.5624666e-05 -7.9511232e-07 0 0 -1.1579391 0.81972958 5.8914401 0.16693563 0.82928553 0.31347493 0 0 25878.531
7.1905006e-05 2.6213188e-06 33 399896 0.99519349 1.0008204 53025.389 0.35509169 8.1319415 -1.1530764 0.24704385 -0.4936827 0 -0.90653733 0 0.00010053043 -7.9511232e-07 0 0 -1.1530764 0.81432395 9.3744871 0.13373702 0.83804955 0.26467474 0 0 21958.354
7.4478677e-05 2.5736709e-06 34 399894 0.99490637 0.99909721 48020.367 0.35522047 7.9193371 -1.1480893 0.24597799 -0.49240051 0 -0.90176853 0 0.00010265091 -8.7546672e-07 0 0 -1.1480893 0.81962826 7.4640247 0.14886099 0.83236106 0.28701943 0 0 25331.764
7.6498719e-05 2.0200419e-06 35 399891 0.99467128 0.99531229 39457.84 0.36395165 7.7184262 -1.1440233 0.24394108 -0.49017997 0 -0.89788753 0 0.00010397471 -8.7546672e-07 0 0 -1.1440233 0.82088051 5.3986741 0.17411951 0.82800944 0.31964153 0 0 26729.561
8.1042208e-05 4.5434889e-06 36 399885 0.99411009 0.99420876 41171.623 0.36578789 8.7216559 -1.1344017 0.24297824 -0.48878717 0 -0.88870022 0 0.00010836331 -8.7546672e-07 0 0 -1.1344017 0.82269733 5.4767209 0.17243932 0.82592557 0.32533736 0 0 28967.556
8.2137298e-05 1.09509e-06 37 399883 0.99396773 0.99821046 43670.184 0.36774868 7.9781378 -1.1319844 0.24482649 -0.4905308 0 -0.88639229 0 0.00011309278 -8.7546672e-07 0 0 -1.1319844 0.81805292 5.800409 0.16674305 0.82190451 0.31594376 0 0 27692.427
8.430227e-05 2.1649729e-06 38 399878 0.99367733 1.00231 43896.82 0.36384091 8.0017453 -1.1270946 0.24661805 -0.49209936 0 -0.88172867 0 0.00011626071 -8.7546672e-07 0 0 -1.1270946 0.81448803 6.7687707 0.15493163 0.82497216 0.30343404 0 0 25461.933
8.76539e-05 3.3516293e-06 39 399872 0.99319734 1.000034 48699.647 0.36074379 9.0172957 -1.1192683 0.24513621 -0.49025573 0 -0.87426684 0 0.00011897698 -8.7882633e-07 0 0 -1.1192683 0.81689393 7.6869235 0.14594678 0.82816164 0.28910123 0 0 25065.654
8.8694691e-05 1.0407908e-06 40 399870 0.99304552 0.99788103 43812.451 0.36003412 7.9101693 -1.1167823 0.24397698 -0.48899013 0 -0.87189702 0 0.00012870747 -8.8348769e-07 0 0 -1.1167823 0.82085288 7.0564175 0.15272871 0.83034223 0.30081827 0 0 25555.195
9.2501903e-05 3.8072124e-06 41 399860 0.99248484 1.0017151 43020.253 0.36152271 8.0557568 -1.1075273 0.2454312 -0.49002199 0 -0.8630727 0 0.00013704854 -8.8348769e-07 0 0 -1.1075273 0.81672787 6.2581393 0.16144869 0.82661148 0.30287363 0 0 25295.927
9.5532614e-05 3.0307106e-06 42 399852 0.99202847 1.0038428 41506.839 0.36210269 8.6145292 -1.1000751 0.24612718 -0.49036999 0 -0.85597189 0 0.00014048392 -8.8348769e-07 0 0 -1.1000751 0.81068132 5.890092 0.16653349 0.82719315 0.30269512 0 0 24246.029
9.8739196e-05 3.2065824e-06 43 399843 0.99154771 1.0062454 49584.515 0.35959972 8.0457852 -1.0922597 0.24693965 -0.49081398 0 -0.84852806 0 0.00014353498 -8.8348769e-07 0 0 -1.0922597 0.81551068 8.4378742 0.13931507 0.82824518 0.27657099 0 0 22558.38
0.00010044942 1.7102251e-06 44 399841 0.99129999 1.0049417 47021.334 0.35577228 8.011172 -1.0881852 0.24610029 -0.48978022 0 -0.84464799 0 0.0001435926 -8.8348769e-07 0 0 -1.0881852 0.8142732 8.0925516 0.14295653 0.83232139 0.27538776 0 0 21807.834
0.00010331757 2.8681443e-06 45 399835 0.98936898 1.0032584 42250.696 0.35981809 7.9874688 -1.0889252 0.24341003 -0.48523894 0 -0.8472434 0 0.00014803509 -8.8348769e-07 0 0 -1.0889252 0.82569561 6.201903 0.16302915 0.83094455 0.30491936 0 0 25712.24
0.00010687085 3.5532868e-06 46 399828 0.98664622 1.0026122 45311.654 0.35989637 8.0955078 -1.0278047 0.24108966 -0.48092308 0 -0.78813659 0 0.00016658435 -1.3022711e-06 0 0 -1.0278047 0.82434473 6.3472913 0.16055389 0.82786466 0.2933319 0 0 24533.268
0.00011017604 3.3051858e-06 47 399825 0.98340689 1.0055844 42140.828 0.36386752 8.6751965 -1.0112717 0.24023172 -0.47779526 0 -0.77387295 0 0.00016643852 -1.6195018e-06 0 0 -1.0112717 0.8185002 5.6182868 0.17026218 0.82597031 0.30268122 0 0 24256.583
0.00011388132 3.7052817e-06 48 399818 0.98107896 1.0021327 43631.174 0.36786125 8.183851 -0.96640737 0.23669126 -0.47237509 0 -0.73088871 0 0.00016677623 -1.6195018e-06 0 0 -0.96640737 0.82497552 5.5464387 0.17126582 0.82550958 0.3206965 0 0 28908.625
0.00011647513 2.5938088e-06 49 399817 0.97912432 1.0000011 40633.034 0.3712081 8.4272021 -0.94874904 0.23419065 -0.46838077 0 -0.71472632 0 0.00016901804 -1.6195018e-06 0 0 -0.94874904 0.83061114 4.8738432 0.18074919 0.81668851 0.31924601 0 0 25846.595
0.00011782332 1.3481961e-06 50 399811 0.97810802 0.99846459 45721.161 0.36919296 8.3212391 -0.93989061 0.23268535 -0.46608634 0 -0.70675642 0 0.00026841731 -1.6195018e-06 0 0 -0.93989061 0.83012795 5.6131353 0.16821302 0.81565532 0.2986766 0 0 24208.095
0.00012046167 2.6383485e-06 51 399809 0.97656904 1.0021654 40333.668 0.37431841 9.2014196 -0.90449694 0.2332356 -0.46546329 0 -0.67253597 0 0.00026832513 -1.6195018e-06 0 0 -0.90449694 0.83214523 4.3686344 0.1896282 0.81118531 0.33529235 0 0 28987.788
0.00012277126 2.3095859e-06 52 399808 0.97515512 1.0012157 42789.798 0.37359985 8.4360949 -0.8948973 0.23180412 -0.4630453 0 -0.66392378 0 0.00026928383 -1.6195018e-06 0 0 -0.8948973 0.83989976 4.9286776 0.17746217 0.80633459 0.30485285 0 0 23248.286
0.00012496989 2.1986359e-06 53 399806 0.97310053 1.0042533 48708.97 0.3716526 8.3426037 -0.88529431 0.23179865 -0.46163384 0 -0.65572979 0 0.00027229529 -1.6195018e-06 0 0 -0.88529431 0.83550063 5.28495 0.17236971 0.81100902 0.30164123 0 0 26041.713
0.00012961023 4.6403328e-06 54 399797 0.96903247 1.0058397 48454.024 0.37287949 8.3098589 -0.857215 0.22979446 -0.45692062 0 -0.63036127 0 0.00027405403 -1.6195018e-06 0 0 -0.857215 0.83305213 5.5049373 0.16858676 0.80955053 0.29459279 0 0 23894.102
0.0001323064 2.6961692e-06 55 399793 0.96738952 1.0065544 41690.05 0.37589284 8.2542595 -0.8359983 0.22898071 -0.45497931 0 -0.61028043 0 0.00028233895 -1.6195018e-06 0 0 -0.8359983 0.8390103 4.1693307 0.1926994 0.80530024 0.32158176 0 0 26104.446
0.00013632478 4.0183866e-06 56 399785 0.96517449 1.0039251 48701.641 0.37638191 8.0255269 -0.83115585 0.22606979 -0.45037182 0 -0.60714516 0 0.00029305271 -1.7120486e-06 0 0 -0.83115585 0.84175179 5.0167844 0.17572914 0.80556538 0.30603445 0 0 26179.921
0.00013988478 3.5599948e-06 57 399784 0.96320834 1.0017386 48288.724 0.37444441 7.9824817 -0.83746051 0.22380718 -0.44683749 0 -0.61472206 0 0.00029357139 -1.7120486e-06 0 0 -0.83746051 0.84046675 5.0721492 0.17431509 0.80348044 0.30104709 0 0 25094.986
0.0001427502 2.8654214e-06 58 399784 0.96163316 1.0015945 47029.615 0.37731561 8.3626317 -0.83609376 0.22270761 -0.44470613 0 -0.61438719 0 0.00029364998 -1.7120486e-06 0 0 -0.83609376 0.8429367 4.6679137 0.1808102 0.79951874 0.3037803 0 0 24543.469
0.00014436297 1.6127704e-06 59 399783 0.96063396 1.0035783 44648.179 0.38180912 8.1453476 -0.8174495 0.22278155 -0.44397443 0 -0.59655249 0 0.00029757746 -1.7120486e-06 0 0 -0.8174495 0.84629306 4.1533127 0.19092078 0.7963332 0.32168611 0 0 26703.105
0.00014705938 2.6964105e-06 60 399778 0.95882162 1.0020702 50252.839 0.38111256 8.5563617 -0.82752386 0.22083487 -0.44075729 0 -0.60790048 0 0.00030081204 -1.7847531e-06 0 0 -0.82752386 0.85149634 4.6572773 0.18021484 0.7959777 0.30435717 0 0 25594.781
0.00014893616 1.8767834e-06 61 399776 0.95782777 1.0026629 153779.9 0.37622755 7.6295816 -0.81184807 0.22042422 -0.43967764 0 -0.59289371 0 0.00030084305 -1.7847531e-06 0 0 -0.81184807 0.84979232 14.680318 0.10117167 0.79336115 0.18631197 0 0 18675.407
0.00015395279 5.016622e-06 62 399772 0.95412015 1.0068782 46272.447 0.3801324 7.5619392 -0.83406949 0.21930374 -0.43561125 0 -0.61808807 0 0.00032787368 -1.7847531e-06 0 0 -0.83406949 0.84813677 4.1836144 0.18914975 0.79181899 0.31442677 0 0 26186.433
0.00016205475 8.1019601e-06 63 399767 0.95040009 1.0075308 45678.051 0.38045397 8.0554687 -0.84209256 0.21676297 -0.43028556 0 -0.6288972 0 0.00032900941 -1.7847531e-06 0 0 -0.84209256 0.85689211 3.8918797 0.19661098 0.79383779 0.31735098 0 0 26510.672
0.00017002063 7.9658814e-06 64 399759 0.94773563 1.0024122 47052.79 0.38189436 9.1580595 -0.83310659 0.21269309 -0.42436252 0 -0.62176934 0 0.0003339652 -1.7847531e-06 0 0 -0.83310659 0.86060403 3.8612205 0.1958815 0.78777105 0.31638989 0 0 26756.139
0.00017582728 5.8066485e-06 65 399751 0.94474361 1.0057229 45164.751 0.3865835 9.3841045 -0.91331334 0.21179677 -0.42118313 0 -0.70426054 0 0.000335345 -1.7879463e-06 0 0 -0.91331334 0.86073233 3.3965738 0.20848557 0.78639517 0.32099692 0 0 25856.651
0.0001898076 1.3980326e-05 66 399736 0.93878497 1.0119504 46141.258 0.38847492 8.2072638 -1.2078317 0.2095878 -0.41422545 0 -1.0048242 0 0.0019039846 -0.00027380296 0 0 -1.2078317 0.86710327 3.3554793 0.20855256 0.78187461 0.32392468 0 0 26750.541
0.00021168452 2.1876922e-05 67 399671 0.92647388 1.0195752 42592.624 0.39396267 10.163422 -1.7077055 0.20395695 -0.40008223 0 -1.4921041 0 0.023380845 -0.042856931 0 0 -1.7077055 0.87382156 2.7086396 0.23112745 0.77852301 0.34394124 0 0 28341.44
0.0002299503 1.8265773e-05 68 399608 0.91666978 1.016164 46928.322 0.3970455 10.625787 -2.1740246 0.19620029 -0.38615874 0 -2.0649627 0 0.14967414 -0.068777638 0 0 -2.1740246 0.87986818 2.7858385 0.22590562 0.77170144 0.32105158 0 0 24810.677
0.00027091699 4.0966699e-05 69 399459 0.89917086 1.0235919 45065.566 0.40129258 10.154445 -1.8432373 0.1886546 -0.36861293 0 -2.1696204 0 0.75240953 -0.24606814 0 0 -1.8432373 0.88714988 2.3911499 0.24116622 0.76324538 0.34047042 0 0 27523.244
0.00030369035 3.2773359e-05 70 399354 0.88740021 1.025921 45482.258 0.40823426 9.1130751 -1.309088 0.18224596 -0.35528265 0 -2.295957 0 1.4426842 -0.28277844 0 0 -1.309088 0.89655259 2.1398465 0.25129806 0.75235837 0.35036754 0 0 28753.138
0.00033212069 2.8430338e-05 71 399274 0.87874726 1.0271164 44608.4 0.41518548 9.0679679 -0.66660233 0.1769582 -0.34457283 0 -2.1815613 0 2.0770533 -0.39447974 0 0 -0.66660233 0.9089756 1.8744186 0.26482247 0.74204873 0.35588836 0 0 28095.161
0.00034401583 1.1895137e-05 72 399243 0.87541564 1.0189732 45207.269 0.42015481 8.3413051 -0.35755629 0.17202273 -0.33763935 0 -2.1577355 0 2.3840098 -0.418214 0 0 -0.35755629 0.91910398 1.7498773 0.27093422 0.73352002 0.35678751 0 0 27682.746
0.00036311652 1.9100688e-05 73 399175 0.86960335 1.0181405 43347.454 0.42969619 8.5322831 0.21971089 0.1683201 -0.33064218 0 -2.1656207 0 2.9658679 -0.41821414 0 0 0.21971089 0.92351245 1.5567418 0.28320066 0.72318074 0.37515362 0 0 28847.389
0.00037672557 1.360905e-05 74 399129 0.86589771 1.0159045 45463.539 0.43527908 8.4100576 0.53410784 0.16524771 -0.32532134 0 -2.1373735 0 3.2978299 -0.46627495 0 0 0.53410784 0.92996154 1.5955143 0.27680837 0.71560584 0.36645443 0 0 27128.124
0.00039479749 1.8071923e-05 75 399082 0.86176493 1.0106628 46587.257 0.44374084 8.2358259 0.79148977 0.16141379 -0.31942165 0 -2.2132215 0 3.6289941 -0.46627495 0 0 0.79148977 0.93948329 1.4971908 0.28250397 0.70746903 0.38932578 0 0 31464.326
0.00040318816 8.3906669e-06 76 399057 0.85977833 1.0075898 47408.594 0.44847144 8.0269453 1.3492574 0.15941283 -0.31642406 0 -1.8713422 0 3.8438858 -0.46627495 0 0 1.3492574 0.94605485 1.4495484 0.28495156 0.70215291 0.38174138 0 0 29238.857
0.00041798818 1.4800025e-05 77 399013 0.85619185 1.0076855 45720.298 0.4514132 9.5703612 1.6618219 0.15724757 -0.3120965 0 -1.8586029 0 4.1486508 -0.47337702 0 0 1.6618219 0.94888634 1.3313463 0.29528756 0.69732457 0.39458263 0 0 30535.16
0.00043786212 1.987394e-05 78 398953 0.8511535 1.0105166 50795.693 0.45480736 8.102686 2.0930268 0.15522565 -0.30722039 0 -1.8479861 0 4.5666362 -0.47362862 0 0 2.0930268 0.95319586 1.4456386 0.28211106 0.69421546 0.38408073 0 0 30592.29
0.00045630435 1.844223e-05 79 398899 0.84684491 1.0075763 45645.867 0.45938016 7.3729174 2.4405375 0.15197111 -0.30165679 0 -1.8387897 0 4.902719 -0.47370622 0 0 2.4405375 0.95711878 1.2493847 0.30193906 0.69073537 0.40043529 0 0 30233.039
0.00047111455 1.4810202e-05 80 398859 0.84396617 1.0090212 47093.779 0.4653452 10.107552 2.7737687 0.15095108 -0.29920299 0 -1.830097 0 5.2258237 -0.47370622 0 0 2.7737687 0.96200543 1.1466642 0.31270676 0.68532994 0.4122322 0 0 32738.861
0.00049483229 2.3717741e-05 81 398800 0.8396877 1.0103854 46622.395 0.46464463 10.278107 3.1682131 0.14911908 -0.29517266 0 -1.8265176 0 5.6144906 -0.47370622 0 0 3.1682131 0.96564527 1.2250925 0.30124025 0.68240429 0.3985866 0 0 29430.653
0.00051936694 2.4534646e-05 82 398728 0.83575885 1.0120122 46952.584 0.46482918 7.6326328 3.6206594 0.14760517 -0.29170629 0 -1.8264098 0 6.0648765 -0.47370622 0 0 3.6206594 0.96830624 1.1528917 0.30986334 0.68093985 0.39815558 0 0 29507.865
0.00053811372 1.8746784e-05 83 398668 0.83253695 1.0108385 47386.199 0.47023284 7.7891077 3.8826626 0.14546732 -0.28781517 0 -1.8263538 0 6.3250717 -0.47370739 0 0 3.8826626 0.97326353 1.131985 0.31005954 0.6751647 0.40566288 0 0 30423.475
0.00054564733 7.5336101e-06 84 398647 0.83168551 1.0065486 50125.953 0.47459572 7.6056318 3.9548962 0.14391741 -0.28596215 0 -1.8270574 0 6.3977059 -0.47370756 0 0 3.9548962 0.97371672 1.1739379 0.30314117 0.67222054 0.40460572 0 0 31058.983
0.00058617273 4.0525393e-05 85 398549 0.82651803 1.0075877 45866.089 0.47851643 9.0577007 4.4437176 0.14174749 -0.2813601 0 -1.8277826 0 6.8893852 -0.47827236 0 0 4.4437176 0.97980685 1.0081231 0.32523775 0.66834705 0.41921588 0 0 30839.997
0.00061113394 2.4961216e-05 86 398482 0.82320107 1.0093769 47587.849 0.48306336 7.8725387 4.6921965 0.14059841 -0.27858457 0 -1.8280824 0 7.1365374 -0.47827236 0 0 4.6921965 0.98221544 1.0347364 0.32086309 0.66800381 0.42400028 0 0 32179.718
0.00063725389 2.6119944e-05 87 398396 0.81936911 1.0113715 48579.937 0.48233107 9.6078972 5.0733802 0.13907657 -0.27502567 0 -1.8278001 0 7.5154018 -0.47827241 0 0 5.0733802 0.98668787 1.0910693 0.31047289 0.66373416 0.41468079 0 0 30871.874
0.00065085424 1.3600358e-05 88 398364 0.81780282 1.0085731 53738.634 0.48395994 7.7248926 5.1793856 0.13747976 -0.27262229 0 -1.8276996 0 7.6205001 -0.47827241 0 0 5.1793856 0.9900088 1.2156443 0.29285168 0.6608384 0.40061538 0 0 30481.846
0.00065867287 7.8186297e-06 89 398351 0.81711841 1.00551 45524.843 0.48808716 8.4607308 5.2462269 0.13626597 -0.27103851 0 -1.8280466 0 7.6873185 -0.47827241 0 0 5.2462269 0.99542496 0.95942957 0.32798402 0.65751178 0.43227133 0 0 31624.642
0.0006683363 9.6634226e-06 90 398325 0.81595489 1.0035468 46647.063 0.49165201 7.7724746 5.399845 0.1351537 -0.26935206 0 -1.8285023 0 7.840818 -0.47827241 0 0 5.399845 0.99865969 0.9536653 0.3276927 0.65495139 0.44428958 0 0 34423.041
0.00068101139 1.2675098e-05 91 398303 0.81500179 1.0023365 45979.281 0.49402294 7.9661963 5.4743211 0.13433107 -0.26803589 0 -1.8300821 0 7.9163805 -0.47827241 0 0 5.4743211 0.99838192 0.92647678 0.33164963 0.65334277 0.43883676 0 0 32227.739
0.00072013114 3.9119746e-05 92 398209 0.81094904 1.0047792 52186.759 0.49384445 8.0596068 5.8203436 0.1330683 -0.26487073 0 -1.8320775 0 8.2624962 -0.47827261 0 0 5.8203436 1.0019944 1.0244962 0.31484325 0.65221963 0.42408471 0 0 33048.187
0.00074085056 2.0719419e-05 93 398158 0.80887235 1.0072262 47240.679 0.49647919 8.9352184 6.0227211 0.13269616 -0.26348829 0 -1.8341323 0 8.4659181 -0.47827263 0 0 6.0227211 1.0006759 0.91517621 0.33181003 0.64966006 0.44406923 0 0 33803.76
0.00076058715 1.9736592e-05 94 398109 0.80682079 1.0065335 46824.1 0.49799228 7.5666376 6.2276609 0.13137737 -0.26104919 0 -1.8386322 0 8.6742383 -0.47827338 0 0 6.2276609 1.0055267 0.93672569 0.32754945 0.64882473 0.43636042 0 0 31501.966
0.00077275406 1.2166906e-05 95 398080 0.80601633 1.0024999 46822.731 0.49868792 8.0580583 6.3078743 0.1300029 -0.25935742 0 -1.8382283 0 8.7537307 -0.47827347 0 0 6.3078743 1.009497 0.92414561 0.32811059 0.64555724 0.43533297 0 0 31148.337
0.00078286773 1.011367e-05 96 398058 0.80509378 1.0015816 46928.86 0.5005211 7.7855301 6.4208843 0.12927942 -0.25815056 0 -1.8386806 0 8.8667095 -0.47827347 0 0 6.4208843 1.0108682 0.88561702 0.3343079 0.64389332 0.44020963 0 0 31926.51
0.00079222701 9.3592801e-06 97 398043 0.80455659 1.0013594 47155.232 0.50402314 7.5459621 6.4639136 0.1289485 -0.25754689 0 -1.838729 0 8.9095144 -0.47827347 0 0 6.4639136 1.0125782 0.8732245 0.33530475 0.64127893 0.44607247 0 0 32688.481
0.00081222315 1.9996144e-05 98 398006 0.80301395 1.0041868 46276.098 0.50807638 7.9661584 6.6136685 0.12888937 -0.25670399 0 -1.8393665 0 9.0591231 -0.47827347 0 0 6.6136685 1.0132322 0.81797597 0.3461769 0.64078549 0.46276732 0 0 34966.949
0.00083108323 1.8860074e-05 99 397963 0.80143915 1.0059999 48761.291 0.50912525 7.8576091 6.7619713 0.12862314 -0.25571204 0 -1.8438892 0 9.2112229 -0.47827347 0 0 6.7619713 1.0132373 0.88965503 0.33070058 0.63839588 0.45446352 0 0 34681.54
0.00084455081 1.3467588e-05 100 397941 0.800581 1.0044044 47930.086 0.50808891 7.8197961 6.8669049 0.12774553 -0.25437072 0 -1.8450664 0 9.31687 -0.47827347 0 0 6.8669049 1.0124054 0.85126401 0.33909954 0.64032969 0.45408511 0 0 34213.763
0.0008665803 2.2029486e-05 101 397880 0.79866027 1.0041219 47670.405 0.50775474 8.0231043 7.0291136 0.12680105 -0.25256108 0 -1.8423905 0 9.4781515 -0.48088735 0 0 7.0291136 1.0202352 0.83267442 0.34203881 0.63878882 0.44741707 0 0 32615.538
0.00088515831 1.8578006e-05 102 397841 0.79720451 1.0043014 47879.593 0.51017353 7.6516617 7.1533914 0.12614775 -0.25121492 0 -1.8447357 0 9.6040817 -0.48088735 0 0 7.1533914 1.0215848 0.86453222 0.33479343 0.63710619 0.44928325 0 0 32700.726
0.00091027715 2.5118841e-05 103 397778 0.79494233 1.0067845 46274.612 0.51158043 7.6029209 7.3632409 0.12570415 -0.24971413 0 -1.8488374 0 9.8169756 -0.48088736 0 0 7.3632409 1.0227109 0.81067813 0.34470083 0.63520055 0.46729089 0 0 35266.55
0.00091752178 7.2446343e-06 104 397762 0.79437931 1.0021202 46848.309 0.51257176 7.86335 7.3953256 0.12438682 -0.2482473 0 -1.8489926 0 9.8492779 -0.4810992 0 0 7.3953256 1.0234932 0.82490007 0.34075116 0.6334062 0.46356037 0 0 34653.634
0.00093286025 1.5338467e-05 105 397736 0.79362521 1.004151 46979.614 0.51283151 8.126839 7.4827581 0.12451404 -0.24799863 0 -1.8497832 0 9.9371252 -0.4810992 0 0 7.4827581 1.0242854 0.82357932 0.34110207 0.6335507 0.45779068 0 0 33418.441
0.00095316287 2.0302622e-05 106 397698 0.79226399 1.003557 52507.664 0.51450721 7.6491679 7.5785777 0.12376424 -0.24665112 0 -1.8523272 0 10.034891 -0.48109921 0 0 7.5785777 1.0255723 0.93332025 0.31956621 0.63185947 0.4478345 0 0 34625.889
0.00096012468 6.961805e-06 107 397686 0.79198739 1.0010657 47709.377 0.51670223 9.2415451 7.5986171 0.12305289 -0.24584378 0 -1.854456 0 10.056965 -0.48110137 0 0 7.5986171 1.0285396 0.82803371 0.33867673 0.63074479 0.45499075 0 0 32575.45
0.00097142034 1.1295666e-05 108 397666 0.7913375 0.99975351 46163.943 0.51750284 7.838002 7.6630022 0.12247107 -0.24500253 0 -1.8539353 0 10.12057 -0.48110137 0 0 7.6630022 1.03258 0.77023715 0.35012143 0.62889077 0.46978648 0 0 34535.538
0.0010036642 3.2243843e-05 109 397596 0.78905959 1.0041646 52183.988 0.5173659 7.9533941 7.9126712 0.1224625 -0.24390923 0 -1.8549295 0 10.370149 -0.48110137 0 0 7.9126712 1.0291505 0.91010941 0.32168438 0.62808885 0.44139431 0 0 32405.898
0.0010326507 2.8986523e-05 110 397535 0.78729138 1.0049689 48969.105 0.51891272 9.5343087 8.1205288 0.12185764 -0.24251028 0 -1.8600309 0 10.582314 -0.48110137 0 0 8.1205288 1.0320497 0.82172981 0.33842928 0.62788015 0.46320525 0 0 34830.494
0.0010507283 1.8077576e-05 111 397504 0.78632774 1.0070642 49213.785 0.51848704 7.8113987 8.2043074 0.12189505 -0.24207999 0 -1.8595934 0 10.665187 -0.48110141 0 0 8.2043074 1.0280213 0.85464782 0.33076124 0.62582443 0.45625173 0 0 33534.097
0.0010682341 1.7505836e-05 112 397481 0.78568875 1.0046282 49144.89 0.52056478 8.221634 8.2579508 0.12102686 -0.24093861 0 -1.8635917 0 10.722556 -0.48110141 0 0 8.2579508 1.0348127 0.86042267 0.33059927 0.62762771 0.45279487 0 0 32341.377
0.0010743191 6.0849557e-06 113 397476 0.78554176 1.003115 48638.24 0.52018863 7.7919934 8.2745073 0.12060473 -0.24046043 0 -1.8639869 0 10.739451 -0.48110141 0 0 8.2745073 1.0339656 0.83817689 0.33387031 0.62559021 0.44754164 0 0 30973.883
0.0010959194 2.1600325e-05 114 397452 0.78481618 1.0022099 49227.308 0.52195879 7.7130864 8.3517953 0.12003745 -0.23954553 0 -1.8654084 0 10.817813 -0.48110147 0 0 8.3517953 1.0352216 0.81732883 0.33770895 0.62486368 0.46615519 0 0 35066.224
0.0011211783 2.5258866e-05 115 397415 0.78363397 1.0005879 55299.709 0.52248258 7.7665538 8.4759301 0.11912992 -0.23811983 0 -1.8663214 0 10.942343 -0.48110147 0 0 8.4759301 1.0393556 0.94166887 0.3152296 0.62606641 0.44967751 0 0 35254.202
0.0011433819 2.2203682e-05 116 397381 0.78262169 1.0022483 47531.744 0.52428076 7.7619583 8.5765818 0.11902855 -0.23752306 0 -1.8684081 0 11.044586 -0.48110147 0 0 8.5765818 1.0398699 0.77180405 0.34587769 0.62189976 0.46807863 0 0 33825.828
0.0011623284 1.8946429e-05 117 397351 0.78179497 1.0042512 52924.719 0.52489547 8.1332242 8.6826593 0.11919821 -0.23738724 0 -1.8680595 0 11.150009 -0.48110147 0 0 8.6826593 1.0362673 0.87549439 0.32432709 0.62108953 0.44735076 0 0 32763.071
0.0011767734 1.444501e-05 118 397318 0.78078922 1.0027838 45595.37 0.52609616 7.8009073 8.7909868 0.11835923 -0.23606132 0 -1.8707558 0 11.260546 -0.48110147 0 0 8.7909868 1.0434342 0.74653213 0.35141794 0.62143039 0.475472 0 0 33658.921
0.0011933079 1.6534537e-05 119 397283 0.77972399 1.003642 48635.679 0.52523027 7.7593196 8.9091898 0.11811249 -0.23536778 0 -1.8715835 0 11.37913 -0.48110164 0 0 8.9091898 1.0419226 0.79535101 0.34042413 0.62136111 0.45041211 0 0 30671.563
0.0012086507 1.5342729e-05 120 397246 0.7787397 1.0035781 47588.274 0.52661455 7.6582625 9.0311956 0.11762642 -0.23441409 0 -1.8721546 0 11.50124 -0.48110187 0 0 9.0311956 1.0431452 0.76709999 0.34570097 0.61968486 0.46487279 0 0 32735.862
0.0012185163 9.8656813e-06 121 397228 0.77817711 1.0025019 49594.524 0.52816142 7.5789563 9.1202493 0.11711761 -0.23365066 0 -1.8704969 0 11.588381 -0.48110187 0 0 9.1202493 1.0458324 0.80156298 0.33794755 0.61924489 0.4640331 0 0 33634.159
0.0012327203 1.4203943e-05 122 397204 0.7774284 1.0011727 47895.18 0.52919362 7.72155 9.2022601 0.11650151 -0.2327301 0 -1.8725228 0 11.672113 -0.48110187 0 0 9.2022601 1.0484546 0.75352536 0.34762582 0.61759712 0.46585235 0 0 32673.291
0.0012498572 1.7136947e-05 123 397177 0.77675678 1.0009895 48165.378 0.53141908 7.7762611 9.2724594 0.11612193 -0.23201428 0 -1.8738253 0 11.743279 -0.48110187 0 0 9.2724594 1.0477046 0.7663151 0.34457572 0.61735173 0.48021669 0 0 35541.462
0.0012645667 1.470949e-05 124 397140 0.7757907 1.0024835 48810.719 0.53059946 7.6295184 9.4002191 0.11598792 -0.23140115 0 -1.8737331 0 11.870467 -0.48110187 0 0 9.4002191 1.0465761 0.79279525 0.3379908 0.61592766 0.46169438 0 0 32157.225
0.001273806 9.239286e-06 125 397119 0.77514299 1.003176 49964.37 0.53158757 7.4892269 9.4396677 0.11586076 -0.2309879 0 -1.8748297 0 11.910726 -0.48110187 0 0 9.4396677 1.0461622 0.81515917 0.33307838 0.61547719 0.47522676 0 0 35697.567
0.0012940477 2.024166e-05 126 397095 0.77446539 1.0005456 50397.235 0.53426454 7.5753593 9.5338434 0.11491963 -0.22971392 0 -1.8764377 0 12.006177 -0.48110187 0 0 9.5338434 1.0535379 0.79211199 0.33773368 0.61519383 0.46823119 0 0 33924.907
0.0013118523 1.7804686e-05 127 397070 0.77377902 1.0024086 49732.814 0.53516836 7.6309971 9.6191756 0.11497023 -0.22938797 0 -1.8769472 0 12.093052 -0.4825111 0 0 9.6191756 1.0523928 0.7582322 0.3442027 0.61342247 0.47586779 0 0 34964.771
0.0013306872 1.8834877e-05 128 397025 0.77254919 1.0012122 47621.062 0.53568924 8.4017307 9.7703271 0.11421913 -0.22816168 0 -1.8790061 0 12.245787 -0.4825111 0 0 9.7703271 1.0530931 0.73434952 0.34963464 0.61321132 0.47540531 0 0 33285.294
0.0013536298 2.2942582e-05 129 396986 0.77144569 1.0010696 48676.593 0.53562747 7.7033677 9.9203342 0.11373208 -0.22722114 0 -1.8810256 0 12.39736 -0.48251111 0 0 9.9203342 1.0589662 0.72876977 0.35092067 0.61312416 0.47370213 0 0 33670.353
0.0013608257 7.1959215e-06 130 396975 0.77112446 1.0007068 50330.299 0.53589383 7.7284822 9.9556341 0.11351641 -0.22687248 0 -1.8816769 0 12.433178 -0.48251111 0 0 9.9556341 1.0573423 0.75073969 0.34512305 0.61201625 0.47166586 0 0 34315.993
0.0013751361 1.4310355e-05 131 396951 0.77038531 0.9999647 49231.284 0.5373299 7.58328 10.039477 0.11305018 -0.22610835 0 -1.8817809 0 12.516827 -0.48251111 0 0 10.039477 1.0604923 0.74486146 0.34615412 0.61143678 0.48452076 0 0 36095.686
0.0013847614 9.6253543e-06 132 396932 0.76983366 1.000723 51408.999 0.53835627 8.791891 10.098444 0.11297212 -0.225781 0 -1.8826794 0 12.576444 -0.48251111 0 0 10.098444 1.0571568 0.77293665 0.33840917 0.60891739 0.46254489 0 0 32605.547
0.0014109584 2.6196926e-05 133 396894 0.76879233 1.0013554 51153.559 0.5377933 7.5612639 10.213807 0.11262599 -0.2249471 0 -1.884045 0 12.692684 -0.48251111 0 0 10.213807 1.0587808 0.79768205 0.33351088 0.60963405 0.46172551 0 0 32372.876
0.0014228278 1.1869391e-05 134 396879 0.76834764 0.99947603 51578.645 0.53979789 7.5328552 10.263949 0.11199291 -0.22410324 0 -1.8852433 0 12.743814 -0.48251111 0 0 10.263949 1.0608962 0.80697632 0.33111689 0.60877391 0.46126157 0 0 32182.382
0.0014289276 6.0998396e-06 135 396865 0.76799081 0.99860412 50973.875 0.54068754 7.7044678 10.300742 0.11163414 -0.22358038 0 -1.8861023 0 12.781302 -0.48251143 0 0 10.300742 1.0639539 0.76902017 0.33860947 0.60773222 0.47211347 0 0 33934.991
0.0014375246 8.5970064e-06 136 396857 0.76773003 0.99903708 47105.456 0.5420961 7.6086241 10.321214 0.1116056 -0.22342634 0 -1.8887826 0 12.804328 -0.48251143 0 0 10.321214 1.0654276 0.70065426 0.35417979 0.60676422 0.48015786 0 0 32733.654
0.0014517651 1.4240463e-05 137 396834 0.76707078 0.99912995 49869.57 0.54079129 7.6202921 10.396045 0.11132727 -0.22284842 0 -1.8902834 0 12.880361 -0.48251143 0 0 10.396045 1.0665916 0.77637939 0.33707957 0.60787424 0.4766613 0 0 34148.862
0.0014595656 7.8005271e-06 138 396826 0.76688812 1.002522 48733.089 0.54229862 7.7392038 10.421255 0.11200761 -0.22345169 0 -1.8905529 0 12.905763 -0.48251143 0 0 10.421255 1.0600824 0.72080089 0.34863437 0.60579008 0.47488904 0 0 32725.394
0.0014708295 1.1263896e-05 139 396807 0.76641831 1.0014126 47854.445 0.54281405 7.5061559 10.487898 0.11156013 -0.22280552 0 -1.8937239 0 12.975379 -0.48251143 0 0 10.487898 1.0651798 0.7137779 0.35060139 0.60623289 0.48299394 0 0 33712.743
0.0014929316 2.21021e-05 140 396762 0.76521382 1.0011837 46216.714 0.54243315 7.5308582 10.616011 0.11106336 -0.22186408 0 -1.8966171 0 13.10594 -0.48251144 0 0 10.616011 1.0676039 0.65211641 0.36770384 0.60772211 0.48490336 0 0 33016.117
0.0015007515 7.8199045e-06 141 396749 0.76488535 1.0006914 47893.783 0.5432659 7.4925593 10.650775 0.1107967 -0.22144032 0 -1.8975147 0 13.141444 -0.48251144 0 0 10.650775 1.0664394 0.68701836 0.3569298 0.605496 0.47826346 0 0 32677.091
0.0015268338 2.6082291e-05 142 396703 0.76364505 1.0017819 47249.414 0.54599755 8.2019183 10.791335 0.11045396 -0.22051499 0 -1.9005995 0 13.284507 -0.48251144 0 0 10.791335 1.0650392 0.7005611 0.35278564 0.60433565 0.48134536 0 0 32373.878
0.0015396364 1.2802588e-05 143 396681 0.76314933 1.003373 54155.528 0.54632754 7.5862043 10.867483 0.11057376 -0.22040411 0 -1.9011491 0 13.360974 -0.48251144 0 0 10.867483 1.0624084 0.80509377 0.32784883 0.60206194 0.47481439 0 0 35551.271
0.0015510645 1.1428132e-05 144 396665 0.76274656 1.0038749 48459.134 0.54607184 9.0405048 10.906818 0.11050427 -0.22015547 0 -1.9034306 0 13.402411 -0.48251144 0 0 10.906818 1.0692939 0.71756153 0.34788947 0.60313588 0.47579188 0 0 32053.643
0.0015661587 1.5094193e-05 145 396644 0.76235512 1.0044917 48254.578 0.5446049 7.451912 10.960782 0.11047408 -0.21996017 0 -1.9054303 0 13.45821 -0.48251144 0 0 10.960782 1.0658813 0.72040439 0.34805002 0.60460835 0.47077379 0 0 31169.562
0.0015865166 2.0357903e-05 146 396613 0.7616952 1.003729 44433.522 0.54415035 9.5971777 11.025737 0.11000628 -0.21919518 0 -1.9098982 0 13.527336 -0.48251144 0 0 11.025737 1.0692037 0.63806753 0.37018126 0.60519044 0.48432022 0 0 31329.379
0.0015972958 1.0779164e-05 147 396599 0.76143392 1.0000921 49856.88 0.54434218 7.3786047 11.062146 0.10908671 -0.21815335 0 -1.9114413 0 13.565166 -0.48251146 0 0 11.062146 1.0758947 0.71813936 0.34819375 0.60390641 0.46642108 0 0 31364.882
0.0016063766 9.0808642e-06 148 396589 0.76119211 1.0018052 52117.281 0.54624618 7.5508298 11.075924 0.10935141 -0.21830873 0 -1.9119276 0 13.57932 -0.48251146 0 0 11.075924 1.0700786 0.7553237 0.33895617 0.60291266 0.48818926 0 0 37203.275
0.0016164207 1.0044071e-05 149 396579 0.76090719 1.0014781 53914.797 0.54565788 7.4541528 11.099504 0.109126 -0.21792986 0 -1.913467 0 13.604287 -0.48251146 0 0 11.099504 1.0707826 0.81587459 0.32553184 0.60179625 0.47085062 0 0 34641.455
0.001630435 1.4014326e-05 150 396563 0.76044 1.003607 51674.14 0.54629899 7.6533581 11.14414 0.10940154 -0.2180167 0 -1.9183771 0 13.653643 -0.48251146 0 0 11.14414 1.070931 0.75822956 0.33820772 0.60273744 0.46797677 0 0 32482.913
0.0016407042 1.0269127e-05 151 396555 0.76026379 1.0027605 49038.962 0.54601785 7.3839427 11.166398 0.10913716 -0.21767342 0 -1.9200406 0 13.677486 -0.48251146 0 0 11.166398 1.0713998 0.70432231 0.35086489 0.60265663 0.46928679 0 0 31134.059
0.0016603516 1.9647418e-05 152 396531 0.75977468 1.0004308 48472.061 0.5484806 7.7089538 11.235335 0.10840747 -0.21672157 0 -1.9233467 0 13.749652 -0.48265629 0 0 11.235335 1.0750958 0.70535667 0.34984307 0.6013426 0.48196921 0 0 32890.129
0.0016825504 2.2198853e-05 153 396497 0.75891678 1.0037031 48624.813 0.54885101 7.3901059 11.376093 0.1086622 -0.21652259 0 -1.9273095 0 13.894269 -0.48300576 0 0 11.376093 1.0747623 0.68921694 0.35300522 0.59979578 0.47928754 0 0 32380.455
0.0017023117 1.9761322e-05 154 396478 0.7584057 1.0035593 52162.682 0.54997539 7.6477972 11.436755 0.1084309 -0.21609266 0 -1.9331338 0 13.960557 -0.48300576 0 0 11.436755 1.0707096 0.75283056 0.33815175 0.60048832 0.50526111 0 0 40446.203
0.0017212331 1.8921375e-05 155 396452 0.75782776 1.0023341 47256.21 0.54928174 7.7493269 11.521812 0.10792387 -0.21534511 0 -1.9371735 0 14.049413 -0.48300576 0 0 11.521812 1.0760488 0.66652521 0.35870615 0.59936505 0.47832896 0 0 31207.102
0.0017365351 1.5301941e-05 156 396424 0.75708653 1.0010572 53505.63 0.55075244 7.3784029 11.60752 0.10733669 -0.21444668 0 -1.9431294 0 14.140766 -0.48300607 0 0 11.60752 1.0792123 0.80011931 0.32671637 0.59812585 0.48401582 0 0 36316.906
0.001750371 1.3835937e-05 157 396398 0.75643544 1.0015882 49237.298 0.54975069 7.3711229 11.633537 0.10716855 -0.21399723 0 -1.9464231 0 14.169795 -0.48300607 0 0 11.633537 1.0785895 0.70694469 0.34674884 0.59669451 0.47671776 0 0 32105.606
0.0017619037 1.1532719e-05 158 396377 0.75600873 1.0021586 49791.561 0.55197474 7.3011024 11.632934 0.10709754 -0.21373371 0 -1.9475499 0 14.170127 -0.48300607 0 0 11.632934 1.0802311 0.68627516 0.35269036 0.59798051 0.48356678 0 0 33478.617
0.0017744926 1.2588849e-05 159 396356 0.75553611 1.0038398 50067.446 0.55194334 7.6456638 11.641851 0.10725562 -0.21369071 0 -1.9491468 0 14.180439 -0.48300607 0 0 11.641851 1.0784329 0.71816063 0.34439668 0.59732963 0.47676316 0 0 32268.592
0.0017852696 1.0777074e-05 160 396350 0.75531013 1.0019441 49518.955 0.54995581 7.5255385 11.638946 0.10676016 -0.21310603 0 -1.9522163 0 14.180514 -0.48300617 0 0 11.638946 1.0831155 0.7277525 0.34179635 0.59676531 0.46971058 0 0 30851.7
0.0018038744 1.8604791e-05 161 396318 0.75454728 1.0025534 50979.851 0.55080311 9.7058081 11.633727 0.10658428 -0.21262563 0 -1.9581427 0 14.180918 -0.48300617 0 0 11.633727 1.0788191 0.73550008 0.34048941 0.59763947 0.47750178 0 0 33215.01
0.0018274035 2.35291e-05 162 396288 0.75390697 1.0044966 50140.661 0.55265096 8.9352074 11.627221 0.10670005 -0.21244481 0 -1.9655922 0 14.181564 -0.48300617 0 0 11.627221 1.0775142 0.69808648 0.34930176 0.59730988 0.49596874 0 0 36241
0.0018335163 6.1127759e-06 163 396282 0.7536549 1.0035779 50020.814 0.55221619 7.6529865 11.625885 0.10638535 -0.21201215 0 -1.9671425 0 14.18166 -0.48300617 0 0 11.625885 1.0819981 0.76595406 0.33274913 0.59602243 0.47652751 0 0 32143.065
0.0018562668 2.2750513e-05 164 396255 0.75302048 1.0016841 50127.14 0.55280314 7.6855454 11.616584 0.1057418 -0.21112803 0 -1.9771904 0 14.182167 -0.48300618 0 0 11.616584 1.0831403 0.69483958 0.35068605 0.5982808 0.47604003 0 0 32010.455
0.0018776854 2.1418578e-05 165 396222 0.75242552 1.0036622 51160.867 0.55348413 7.5949184 11.605572 0.10593856 -0.21110401 0 -1.9887334 0 14.182477 -0.48300618 0 0 11.605572 1.086736 0.72717549 0.34105348 0.59523218 0.48114193 0 0 33607.948
0.0018958222 1.8136825e-05 166 396211 0.75186523 1.0038276 48021.883 0.55424478 7.6223713 11.594497 0.1057195 -0.21063279 0 -2.0001484 0 14.182565 -0.48300618 0 0 11.594497 1.0854879 0.65435846 0.35987022 0.59579667 0.47448854 0 0 30130.86
0.0019191993 2.337703e-05 167 396204 0.75130266 1.0027412 57093.427 0.55061369 7.4175628 11.58251 0.10526065 -0.2099458 0 -2.0184014 0 14.188603 -0.48300618 0 0 11.58251 1.0847731 0.89034928 0.30719633 0.59325381 0.44907407 0 0 30974.124
0.0019390328 1.9833498e-05 168 396199 0.75092122 1.0025118 45740.15 0.5556811 8.1074181 11.556844 0.10506316 -0.20959986 0 -2.0464726 0 14.19086 -0.48300618 0 0 11.556844 1.0838779 0.62316764 0.36746783 0.59369867 0.49182249 0 0 31713.625
0.0019468527 7.8199422e-06 169 396197 0.7506991 1.002154 50546.484 0.55540495 8.2822329 11.539982 0.10489539 -0.20933986 0 -2.0634272 0 14.19086 -0.48300622 0 0 11.539982 1.0892503 0.73474292 0.33843118 0.59372095 0.49212427 0 0 35163.012
0.0019671502 2.029753e-05 170 396193 0.75025474 1.0014684 50391.047 0.55439609 7.439959 11.440075 0.10458052 -0.20885436 0 -2.1644196 0 14.191775 -0.48300622 0 0 11.440075 1.0905411 0.72273202 0.34144878 0.59409858 0.47524389 0 0 31742.601
0.0019810121 1.3861868e-05 171 396185 0.74961631 1.0004678 47430.249 0.55552844 8.4111508 11.821676 0.10406922 -0.20804112 0 -1.7868586 0 14.195512 -0.48300622 0 0 11.821676 1.0893407 0.66355791 0.35671672 0.59471266 0.47340755 0 0 29352.294
0.0019926919 1.1679848e-05 172 396181 0.74945446 1.0017783 47845.173 0.55665672 7.5052848 11.82059 0.10427389 -0.20817757 0 -1.7880116 0 14.195512 -0.48300656 0 0 11.82059 1.0881618 0.66214506 0.35651323 0.5937403 0.48367362 0 0 31385.783
0.0020091451 1.6453117e-05 173 396176 0.7490988 1.0020772 48643.262 0.55831534 8.3508328 11.819037 0.10419714 -0.20796228 0 -1.789703 0 14.195512 -0.48300656 0 0 11.819037 1.0910567 0.68589634 0.34927269 0.59202245 0.50758917 0 0 36552.834
0.0020171359 7.9908803e-06 174 396175 0.74898871 1.0003072 51496.946 0.55710642 7.5732194 11.818311 0.10378626 -0.20750878 0 -1.7904717 0 14.195512 -0.48300658 0 0 11.818311 1.0917818 0.71484879 0.34164203 0.59118403 0.46671143 0 0 30276.961
0.0020387095 2.1573534e-05 175 396172 0.74850174 1.0012264 51573.09 0.55762285 7.497476 11.815805 0.10376998 -0.20728574 0 -1.7931851 0 14.195512 -0.48300658 0 0 11.815805 1.0945541 0.72661651 0.3383723 0.59032576 0.48040755 0 0 32978.503
0.0020543708 1.5661292e-05 176 396166 0.74807121 1.0006447 54979.137 0.5567951 7.5009508 11.81497 0.10351755 -0.20690171 0 -1.7505316 0 14.195501 -0.52661492 0 0 11.81497 1.0905276 0.74160188 0.33596531 0.59213966 0.45631263 0 0 30262.107
0.0020631424 8.7716319e-06 177 396164 0.74782486 1.0007007 51593.116 0.55878551 7.3691592 11.818244 0.10343303 -0.20672122 0 -1.7516238 0 14.199771 -0.52661492 0 0 11.818244 1.0938914 0.70970111 0.3427367 0.590939 0.48132437 0 0 32973.869
0.0020808367 1.7694318e-05 178 396156 0.74731267 1.0037689 52797.908 0.55822714 7.4684665 11.816119 0.10387804 -0.20697601 0 -1.7539421 0 14.199774 -0.52661496 0 0 11.816119 1.0889765 0.75351257 0.33187025 0.58960054 0.46626198 0 0 30766.201
0.0020933473 1.2510582e-05 179 396153 0.74697618 1.0015831 53849.974 0.55657867 9.0318443 11.814502 0.10330121 -0.20627587 0 -1.7556827 0 14.199775 -0.52661496 0 0 11.814502 1.0928139 0.77499329 0.32914712 0.59303911 0.46847392 0 0 32111.611
0.0021128331 1.9485772e-05 180 396146 0.74648284 1.0006693 55954.354 0.55895945 7.5651443 11.811712 0.1029108 -0.20568392 0 -1.7586527 0 14.199782 -0.52664354 0 0 11.811712 1.0967795 0.76472239 0.33077137 0.5920033 0.47647663 0 0 34659.141
0.0021304171 1.7583987e-05 181 396138 0.74621919 1.0011027 50983.874 0.55862725 7.482249 11.810367 0.10290187 -0.20557705 0 -1.7600974 0 14.199783 -0.52664354 0 0 11.810367 1.0937393 0.70475216 0.34379523 0.59069373 0.48550297 0 0 33468.955
0.0021421733 1.1756274e-05 182 396134 0.74590387 1.0007896 46953.253 0.55986053 7.4883592 11.815668 0.10270879 -0.2052555 0 -1.7622939 0 14.207152 -0.52664354 0 0 11.815668 1.0926632 0.66837105 0.35253313 0.58986558 0.48331579 0 0 30207.8
0.002158045 1.5871666e-05 183 396131 0.74558706 1.0024439 52538.76 0.55894133 7.5824595 11.812702 0.10291407 -0.20532635 0 -1.7653953 0 14.207154 -0.52664354 0 0 11.812702 1.0924979 0.72450073 0.33857011 0.58981027 0.47038006 0 0 31313.228
0.0021669483 8.9033173e-06 184 396129 0.74529934 1.002311 54390.102 0.55956714 9.1218206 11.811832 0.10276988 -0.20506587 0 -1.7663813 0 14.207153 -0.52664354 0 0 11.811832 1.0979061 0.74838263 0.33336609 0.59023855 0.50301088 0 0 39508.942
0.00217794 1.0991709e-05 185 396129 0.74508179 0.99992881 50886.123 0.56130305 7.555217 11.809487 0.10220741 -0.20442937 0 -1.7687999 0 14.207153 -0.52664354 0 0 11.809487 1.0991844 0.70071812 0.344141 0.5895931 0.47990626 0 0 31803.609
0.0021951868 1.7246784e-05 186 396121 0.7446506 1.0017104 51480.146 0.56027253 7.4682586 11.805279 0.10241015 -0.20447058 0 -1.7731706 0 14.207154 -0.52664354 0 0 11.805279 1.0974325 0.71485162 0.3393858 0.58728096 0.47643332 0 0 31655.427
0.0022019829 6.7960779e-06 187 396118 0.74446308 0.99906205 50979.609 0.55866504 7.7601693 11.803058 0.10180459 -0.20380033 0 -1.7754577 0 14.207155 -0.52664354 0 0 11.803058 1.1001971 0.70907167 0.34185227 0.58915265 0.4747408 0 0 31283.238
0.0022151115 1.3128619e-05 188 396114 0.74419893 1.0010485 48958.05 0.56279458 8.681505 11.799459 0.10211955 -0.20402519 0 -1.7791463 0 14.207155 -0.52664354 0 0 11.799459 1.0967802 0.68408872 0.34743481 0.5881307 0.47585585 0 0 29593.793
0.0022222016 7.0900773e-06 189 396112 0.7440663 1.000437 49911.056 0.56294488 8.1733814 11.797238 0.10195422 -0.20381937 0 -1.781409 0 14.207156 -0.52664354 0 0 11.797238 1.0967193 0.71526465 0.3403089 0.58904841 0.48192342 0 0 31313.616
0.0022328911 1.0689555e-05 190 396106 0.74367929 1.0011218 50577.713 0.56400622 7.387645 11.797949 0.10196094 -0.20369336 0 -1.7842903 0 14.210616 -0.52664354 0 0 11.797949 1.0947078 0.70174189 0.34226875 0.58681371 0.49235069 0 0 33645.822
0.0022398745 6.9833979e-06 191 396103 0.74356462 0.9979643 49023.995 0.56418648 7.7469902 11.795303 0.10127789 -0.20296897 0 -1.7869783 0 14.210616 -0.52664354 0 0 11.795303 1.1019376 0.67046987 0.34938177 0.58550982 0.49330856 0 0 32771.522
0.0022604929 2.0618324e-05 192 396099 0.74325519 0.99773975 54286.959 0.56442481 8.0143679 11.784944 0.10109684 -0.20265172 0 -1.7974731 0 14.210615 -0.52664354 0 0 11.784944 1.0976257 0.71700015 0.33858638 0.58677745 0.47599598 0 0 32560.202
0.0022821116 2.161872e-05 193 396096 0.74289589 0.99637633 48457.136 0.569215 7.5389619 11.771681 0.10066521 -0.20206263 0 -1.8108949 0 14.210617 -0.52664354 0 0 11.771681 1.1051269 0.6078343 0.36619341 0.58431554 0.50487744 0 0 33813.227
0.0022967156 1.4604048e-05 194 396092 0.74261628 0.9961668 51205.895 0.57058153 7.3230215 11.75788 0.10049654 -0.2017665 0 -1.8248256 0 14.210619 -0.52664354 0 0 11.75788 1.1036496 0.66119107 0.35111202 0.58432369 0.49724071 0 0 33889.634
0.002309903 1.3187342e-05 195 396088 0.74239059 0.99979273 49920.471 0.56954552 7.4762869 11.739821 0.10113004 -0.202302 0 -1.8429847 0 14.210621 -0.52664354 0 0 11.739821 1.1022025 0.66325185 0.35012505 0.58358849 0.49164433 0 0 32110.456
0.002321829 1.1926041e-05 196 396079 0.74209576 0.99899668 52299.21 0.56421136 8.894157 11.712853 0.10085918 -0.20192096 0 -1.872573 0 14.213131 -0.52664354 0 0 11.712853 1.0996318 0.72694775 0.33581446 0.58599687 0.47486149 0 0 31179.596
0.0023352288 1.3399761e-05 197 396077 0.74185168 1.0010537 50036.391 0.56554386 7.428173 11.594 0.10119461 -0.20217618 0 -1.9915064 0 14.213132 -0.52664354 0 0 11.594 1.1026136 0.6437057 0.35630566 0.58507387 0.49512294 0 0 33575.79
0.0023405835 5.3547565e-06 198 396077 0.74153812 0.99974612 51049.473 0.56509931 7.3427631 11.948044 0.10081646 -0.20168412 0 -1.6423527 0 14.217908 -0.52664354 0 0 11.948044 1.1040478 0.68791958 0.34557282 0.5866144 0.48094862 0 0 31471.176
0.0023476172 7.0336659e-06 199 396075 0.7413303 1.0007094 52770.001 0.56180017 7.5394393 11.947793 0.1009454 -0.20174768 0 -1.6426692 0 14.217908 -0.5266436 0 0 11.947793 1.0974121 0.74545662 0.33078487 0.58452237 0.45925356 0 0 28826.976
0.0023611424 1.3525257e-05 200 396070 0.74110303 1.0024097 49433.157 0.56399832 7.8826271 11.947524 0.10118925 -0.201892 0 -1.6430381 0 14.217909 -0.52664434 0 0 11.947524 1.095072 0.65892444 0.35358585 0.58743117 0.47896242 0 0 30275.353
0.002376227 1.5084529e-05 201 396066 0.7408226 1.0004739 47134.55 0.56684324 8.8946768 11.947243 0.10066816 -0.20124095 0 -1.6434499 0 14.21791 -0.52664442 0 0 11.947243 1.1011412 0.62367841 0.36249053 0.58589707 0.49576832 0 0 31534.558
0.0023925887 1.6361736e-05 202 396063 0.74034532 1.0009945 46247.602 0.56735399 7.9397585 11.946984 0.1005648 -0.20092978 0 -1.6439152 0 14.217909 -0.52664442 0 0 11.946984 1.0982608 0.5952875 0.36996822 0.5842142 0.48592775 0 0 29056.412
0.0024027893 1.0200607e-05 203 396060 0.74009806 0.99962278 51818.734 0.56532953 7.4345164 11.946804 0.10018712 -0.20044985 0 -1.644198 0 14.217909 -0.52664442 0 0 11.946804 1.1060215 0.72375004 0.3361524 0.585295 0.47993735 0 0 31705.562
0.002416932 1.4142673e-05 204 396055 0.73987707 0.99992628 51118.918 0.56678142 8.1419348 11.946343 0.10015721 -0.20032919 0 -1.6447489 0 14.217909 -0.52664442 0 0 11.946343 1.1061605 0.6956305 0.34249722 0.58464288 0.48274404 0 0 31585.343
0.0024322498 1.5317797e-05 205 396047 0.7394773 0.9991374 47864.106 0.56599917 7.6312636 11.946055 0.099856501 -0.19988542 0 -1.6451829 0 14.217911 -0.52664442 0 0 11.946055 1.1059057 0.63196956 0.35875969 0.58370851 0.48076258 0 0 29332.867
0.0024402469 7.9970731e-06 206 396045 0.73935169 0.99893942 49977.118 0.56588401 7.445543 11.945878 0.099767259 -0.19974636 0 -1.6454102 0 14.217911 -0.52664442 0 0 11.945878 1.1033511 0.66776094 0.34981497 0.58505029 0.48337926 0 0 31149.636
0.0024543322 1.4085338e-05 207 396043 0.73914936 1.0006259 62114.866 0.56720342 7.4310433 11.944254 0.10003413 -0.19994312 0 -1.6471048 0 14.217912 -0.52664442 0 0 11.944254 1.1049807 0.89311428 0.30164446 0.58343594 0.46871829 0 0 35052.155
0.002470813 1.648078e-05 208 396040 0.73888005 0.99994954 48570.782 0.56681615 8.5669112 11.943886 0.099779412 -0.19956889 0 -1.647592 0 14.217911 -0.52664442 0 0 11.943886 1.1066399 0.63748488 0.35700657 0.58338526 0.49504567 0 0 32358.192
0.0024813411 1.0528111e-05 209 396036 0.73868982 0.99911073 59630.186 0.56724773 8.6026979 11.933465 0.099523276 -0.19922372 0 -1.6581019 0 14.217911 -0.52664443 0 0 11.933465 1.1092159 0.8078777 0.31730216 0.5837006 0.49100322 0 0 38672.38
0.0024911204 9.7793463e-06 210 396033 0.7384747 1.001639 48672.751 0.56837177 8.0452474 11.942269 0.099945588 -0.19956409 0 -1.6493794 0 14.217912 -0.52664536 0 0 11.942269 1.101653 0.64037501 0.35567026 0.5825176 0.48184082 0 0 29655.085
0.0025024456 1.1325183e-05 211 396030 0.73819591 1.0027431 53625.092 0.56728853 7.3679791 11.943583 0.10005501 -0.1995626 0 -1.6463203 0 14.217917 -0.52850588 0 0 11.943583 1.1026564 0.77537322 0.32282934 0.58179865 0.4727594 0 0 31036.773
0.0025156941 1.3248444e-05 212 396025 0.73788419 1.0037837 49018.149 0.56539081 7.543694 11.942696 0.10011139 -0.19946807 0 -1.647346 0 14.217923 -0.52852454 0 0 11.942696 1.1026588 0.66778193 0.34945081 0.58445044 0.47494616 0 0 29056.534
0.0025221127 6.4186154e-06 213 396024 0.73764252 1.0007537 47688.698 0.56481424 7.6383881 11.942593 0.099410532 -0.19867132 0 -1.6475435 0 14.217922 -0.52852454 0 0 11.942593 1.1086359 0.64836591 0.35501544 0.58506165 0.48655922 0 0 30486.367
0.0025310963 8.9835919e-06 214 396022 0.73751076 0.99969674 49295.314 0.56532909 7.5752554 11.942364 0.099154902 -0.19836996 0 -1.6478195 0 14.217923 -0.52852454 0 0 11.942364 1.1077194 0.63666943 0.35751121 0.58383613 0.47591046 0 0 29408.806
0.0025440562 1.295992e-05 215 396021 0.73731118 1.0009948 46902.63 0.56649897 7.3352578 11.941872 0.099340348 -0.19848325 0 -1.6483843 0 14.217924 -0.52852454 0 0 11.941872 1.109224 0.63455638 0.35705285 0.58211919 0.47545233 0 0 27728.141
0.0025517128 7.6566284e-06 216 396020 0.73720493 1.0032433 49016.054 0.56550542 7.5571332 11.940091 0.099741746 -0.1988386 0 -1.6502124 0 14.217925 -0.52852454 0 0 11.940091 1.10676 0.71478709 0.33629011 0.58189785 0.46766526 0 0 27722.561
0.0025593285 7.6156743e-06 217 396019 0.73713094 1.0013663 47843.162 0.56586023 7.5136754 11.93983 0.099343901 -0.1984167 0 -1.6504969 0 14.217924 -0.52852454 0 0 11.93983 1.1069445 0.64412661 0.35560715 0.58411775 0.48044376 0 0 29283.301
0.002576397 1.7068482e-05 218 396016 0.73678886 1.0029622 48073.962 0.56672207 9.4965488 11.94012 0.099511072 -0.19843435 0 -1.6503565 0 14.217925 -0.52852454 0 0 11.94012 1.1054126 0.61270169 0.36531087 0.58523655 0.47992313 0 0 29195.41
0.0025935685 1.7171489e-05 219 396011 0.73650081 1.000784 52099.627 0.56665339 7.6562639 11.941463 0.098958044 -0.19776104 0 -1.6509367 0 14.219727 -0.52852454 0 0 11.941463 1.1064855 0.72114315 0.33604161 0.58404742 0.48768793 0 0 33213.004
0.0026126348 1.9066352e-05 220 396005 0.73624927 1.0001593 47293.174 0.57053372 8.3006729 11.940634 0.09873578 -0.19744011 0 -1.651864 0 14.219727 -0.52852454 0 0 11.940634 1.1062502 0.60111235 0.36659399 0.58171126 0.48510136 0 0 29070.466
0.002616709 4.0741443e-06 221 396004 0.73619408 0.99901275 52411.669 0.57284046 7.4468991 11.940511 0.098489765 -0.19717419 0 -1.6520063 0 14.219727 -0.52852454 0 0 11.940511 1.1092358 0.72204547 0.3342018 0.58121306 0.4844721 0 0 31705.401
0.0026253377 8.6286956e-06 222 396004 0.7360268 0.99891474 47090.824 0.57299781 7.553541 11.940348 0.098393337 -0.19700047 0 -1.6522475 0 14.219727 -0.52852454 0 0 11.940348 1.1112978 0.59422612 0.36842077 0.58125176 0.48974444 0 0 29402.614
0.0026360274 1.068978e-05 223 396000 0.73589635 1.0003688 48664.219 0.57145049 7.4191796 11.942657 0.098625883 -0.19717904 0 -1.6523721 0 14.222107 -0.52852454 0 0 11.942657 1.1112309 0.64536519 0.35286704 0.58017387 0.48183913 0 0 29172.936
0.002645194 9.1665786e-06 224 395998 0.73578421 1.0015797 51930.965 0.56952743 7.3396204 11.941581 0.098816893 -0.19732208 0 -1.6534973 0 14.222108 -0.52852454 0 0 11.941581 1.1127048 0.73192829 0.33223704 0.58173691 0.48445528 0 0 31962.706
0.0026597339 1.4539843e-05 225 395994 0.7355384 1.0013224 52336.487 0.56979778 7.5291396 11.941185 0.098673625 -0.19708663 0 -1.6539842 0 14.222107 -0.52852454 0 0 11.941185 1.1112209 0.6975379 0.34077402 0.58249833 0.48929277 0 0 33139.709
0.0026666801 6.946223e-06 226 395993 0.73540179 1.0002907 46566.669 0.56977917 7.1669896 11.940883 0.098414193 -0.19677118 0 -1.6543445 0 14.222109 -0.52852459 0 0 11.940883 1.1109066 0.60202457 0.36598855 0.58119104 0.49286993 0 0 30140.637
0.0026826955 1.6015394e-05 227 395985 0.73515959 1.0014566 49263.831 0.56983457 7.6007518 11.940434 0.098553697 -0.19682071 0 -1.6548819 0 14.222109 -0.52852609 0 0 11.940434 1.1109978 0.63940262 0.35589708 0.58244636 0.47433013 0 0 28413.447
0.0027046257 2.1930212e-05 228 395979 0.73481848 0.99995574 48120.137 0.56964185 7.4312128 11.939733 0.098105066 -0.19621882 0 -1.6557369 0 14.222109 -0.52852609 0 0 11.939733 1.1101326 0.6385233 0.35521766 0.58093458 0.49304869 0 0 31202.588
0.0027164365 1.1810848e-05 229 395976 0.73456347 0.99962569 48276.178 0.57250606 7.4944774 11.939431 0.097935136 -0.19594362 0 -1.6561438 0 14.22211 -0.52852609 0 0 11.939431 1.1148338 0.6263162 0.35896219 0.58141983 0.49584571 0 0 31364.061
0.0027249053 8.4687984e-06 230 395975 0.73441084 1.0026021 57042.599 0.57003602 7.667024 11.939266 0.098456428 -0.19640179 0 -1.6563725 0 14.22211 -0.52852609 0 0 11.939266 1.1108385 0.83386806 0.31064371 0.58057127 0.45282524 0 0 28594.618
0.002738213 1.3307651e-05 231 395970 0.73419872 1.0008043 51581.511 0.570207 8.7908223 11.938888 0.098015636 -0.19587373 0 -1.6568372 0 14.22211 -0.5285261 0 0 11.938888 1.1100728 0.73535004 0.3302946 0.57968604 0.4865112 0 0 32038.705
0.0027453577 7.1447395e-06 232 395967 0.73407761 0.99975804 46909.097 0.57202644 7.3035613 11.938681 0.097767148 -0.19558162 0 -1.6570875 0 14.22211 -0.5285261 0 0 11.938681 1.1115097 0.61040133 0.36312259 0.58063781 0.50797608 0 0 32850.242
0.0027557141 1.0356366e-05 233 395966 0.73393206 1.0009924 53485.331 0.57022226 8.388517 11.93838 0.097940771 -0.19568734 0 -1.6574563 0 14.222109 -0.52852637 0 0 11.93838 1.1118018 0.77993838 0.32045323 0.57921407 0.45970226 0 0 28024.128
0.002767996 1.2281944e-05 234 395965 0.73387198 1.0042551 51285.142 0.57186149 7.3355258 11.937964 0.098558038 -0.19628088 0 -1.6578983 0 14.222111 -0.52852637 0 0 11.937964 1.1102877 0.69380807 0.34016763 0.57990515 0.4870529 0 0 31684.541
0.0027814679 1.3471816e-05 235 395961 0.7336045 1.0025861 46215.241 0.57137139 7.5095076 11.937576 0.098124536 -0.19574286 0 -1.6583885 0 14.22211 -0.52852637 0 0 11.937576 1.1129282 0.64065358 0.35436882 0.58051232 0.49398947 0 0 29866.398
0.0027939555 1.2487643e-05 236 395954 0.73338137 1.0014073 49297.757 0.56995339 7.4257621 11.938413 0.097814282 -0.19535363 0 -1.6587012 0 14.22318 -0.52852637 0 0 11.938413 1.1137464 0.68307307 0.34300335 0.58019803 0.47866618 0 0 29201.647
0.0028078811 1.3925576e-05 237 395952 0.73315827 1.0030339 49414.471 0.56998505 7.3835659 11.937985 0.098042098 -0.1954911 0 -1.6592203 0 14.223181 -0.52852637 0 0 11.937985 1.1101397 0.66489244 0.34824301 0.58116895 0.47899811 0 0 29326.833
0.0028286155 2.0734466e-05 238 395949 0.73294562 1.0033788 50241.564 0.56858264 7.5077921 11.937287 0.098012704 -0.1953653 0 -1.6600152 0 14.223181 -0.52852637 0 0 11.937287 1.1123949 0.73132692 0.33116246 0.57961709 0.47012755 0 0 28400.728
0.0028502493 2.1633772e-05 239 395939 0.73268789 1.0023546 53069.208 0.56870417 9.4689115 11.938246 0.097683007 -0.19490709 0 -1.6591865 0 14.223183 -0.52852637 0 0 11.938246 1.1119285 0.72365901 0.33441079 0.58222597 0.46856536 0 0 29682.051
0.0028675613 1.7311991e-05 240 395938 0.73238791 1.0007959 47655.746 0.57037864 7.4748431 11.936781 0.097256367 -0.19435805 0 -1.6607736 0 14.223183 -0.52852637 0 0 11.936781 1.1174849 0.6222896 0.36034845 0.58178596 0.48935605 0 0 30095.42
0.0028813368 1.3775546e-05 241 395937 0.7321464 0.99849197 47143.892 0.57234759 7.6119147 11.936329 0.096726332 -0.19374484 0 -1.6613093 0 14.223183 -0.52852637 0 0 11.936329 1.1223095 0.62750885 0.35674022 0.57837074 0.48441643 0 0 28582.648
0.0028914948 1.0157947e-05 242 395936 0.73197946 0.99797155 57873.663 0.57148515 7.5740581 11.936122 0.096555274 -0.19350306 0 -1.6615869 0 14.223183 -0.52852637 0 0 11.936122 1.1230129 0.7890093 0.31855822 0.57912749 0.44578259 0 0 27468.531
0.0029035509 1.2056142e-05 243 395932 0.73183933 0.9980727 49699.103 0.57343091 9.625903 11.935701 0.09651732 -0.19340739 0 -1.662065 0 14.223183 -0.52852643 0 0 11.935701 1.1168714 0.66865647 0.34537338 0.57800912 0.46445266 0 0 26407.641
0.0029189245 1.537361e-05 244 395930 0.73162459 1.0011617 48040.675 0.57622853 7.556307 11.935159 0.097038002 -0.19385081 0 -1.6626841 0 14.223183 -0.52852643 0 0 11.935159 1.1144995 0.61796889 0.35867073 0.57706342 0.49351909 0 0 30181.213
0.00293982 2.0895494e-05 245 395923 0.73127534 0.9990855 55944.093 0.57354541 7.3919017 11.935536 0.096512218 -0.19320112 0 -1.6624329 0 14.223185 -0.52852644 0 0 11.935536 1.1205625 0.78242035 0.31882566 0.57718846 0.45639179 0 0 28188.002
0.00295168 1.186e-05 246 395920 0.73105562 1.0011306 51052.729 0.57456216 7.4338438 11.933839 0.096822334 -0.19342598 0 -1.6642163 0 14.223185 -0.52852644 0 0 11.933839 1.1141658 0.67213818 0.3444725 0.57800041 0.47815913 0 0 29425.595
0.0029613133 9.6332979e-06 247 395917 0.73084518 0.99945299 47718.993 0.57473713 7.5629074 11.933486 0.096430808 -0.19296717 0 -1.6646295 0 14.223179 -0.52852644 0 0 11.933486 1.1197418 0.63432213 0.35429357 0.57751398 0.47318854 0 0 26630.919
0.0029734413 1.2128006e-05 248 395914 0.73063103 1.0006625 51364.512 0.57537591 7.5858055 11.932964 0.096568675 -0.19300947 0 -1.6652475 0 14.223179 -0.52852644 0 0 11.932964 1.1217142 0.67170973 0.34455303 0.57795124 0.4804883 0 0 29912.768
0.0029860527 1.2611352e-05 249 395911 0.73053449 0.99915978 50233.493 0.57118922 7.9447635 11.932443 0.096251327 -0.19266453 0 -1.6657987 0 14.223181 -0.52852646 0 0 11.932443 1.1194496 0.68386571 0.34074043 0.57670456 0.46475803 0 0 27060.392
0.0029972131 1.1160359e-05 250 395910 0.73038635 1.0006095 54115.908 0.57251682 7.5637034 11.932005 0.096476865 -0.19283619 0 -1.6662919 0 14.223183 -0.52852646 0 0 11.932005 1.1174857 0.72403601 0.33112517 0.57665569 0.47366139 0 0 30645.319
0.0030052137 8.0006124e-06 251 395907 0.73027104 0.99776618 47792.199 0.5767702 7.5595661 11.934512 0.095889741 -0.19220884 0 -1.6666484 0 14.226006 -0.52852646 0 0 11.934512 1.1194726 0.61351355 0.35983168 0.57684054 0.49762827 0 0 30694.723
0.0030191507 1.3936994e-05 252 395904 0.73007762 1.0000051 54183.772 0.5755602 7.6249476 11.933949 0.096254567 -0.19250814 0 -1.6672769 0 14.226006 -0.52852647 0 0 11.933949 1.1203356 0.71402387 0.33269557 0.57537062 0.47084929 0 0 29664.89
0.0030345735 1.5422861e-05 253 395901 0.72989427 1.0006824 54876.652 0.57181064 7.5744939 11.933319 0.096308115 -0.19248487 0 -1.6679827 0 14.226005 -0.52852647 0 0 11.933319 1.1202583 0.77550983 0.32034968 0.57738069 0.45927362 0 0 28434.488
0.0030468357 1.2262161e-05 254 395899 0.72969618 1.0029527 52078.865 0.57262619 7.5609282 11.932832 0.096660696 -0.19275226 0 -1.6685553 0 14.226005 -0.52852649 0 0 11.932832 1.1171364 0.71048656 0.33504502 0.57799677 0.46661691 0 0 28179.243
0.0030474568 6.2109788e-07 255 395900 0.7296834 1.0033113 50665.574 0.56905138 7.6293052 11.93281 0.096723346 -0.19280824 0 -1.6685844 0 14.226005 -0.52852649 0 0 11.93281 1.1186979 0.74006688 0.32870478 0.57874307 0.46957849 0 0 28469.713
0.0030632203 1.576357e-05 256 395898 0.72947807 1.0016827 48036.964 0.57111319 7.5279111 11.932016 0.096344363 -0.19236503 0 -1.6694425 0 14.226005 -0.52852649 0 0 11.932016 1.1216375 0.64820221 0.35102881 0.57841869 0.48156773 0 0 28799.246
0.0030726751 9.454794e-06 257 395895 0.72938029 0.99964985 56123.925 0.56919922 7.5050083 11.931599 0.09592392 -0.19191504 0 -1.6698944 0 14.226011 -0.52852649 0 0 11.931599 1.1188839 0.79904617 0.31634447 0.57874931 0.45063996 0 0 27851.222
0.003078777 6.1018526e-06 258 395893 0.72936383 0.99979194 48591.109 0.57227964 7.6551108 11.931309 0.095947232 -0.1919344 0 -1.6701885 0 14.226011 -0.52852649 0 0 11.931309 1.1226829 0.64804299 0.35054703 0.57755387 0.47764577 0 0 28252.035
0.0030837419 4.9649467e-06 259 395893 0.72930604 1.0010892 48847.556 0.57287781 7.576731 11.931089 0.096176045 -0.19214281 0 -1.6704293 0 14.226011 -0.52852649 0 0 11.931089 1.1167466 0.65643618 0.34785532 0.57681854 0.46861942 0 0 26737.308
0.003100976 1.7234024e-05 260 395887 0.72901107 1.0001877 48224.441 0.57148267 8.5286536 11.930352 0.095893167 -0.19175034 0 -1.6712759 0 14.226011 -0.52852663 0 0 11.930352 1.1211693 0.65271078 0.35022589 0.57909918 0.47011001 0 0 26844.574
0.0031158215 1.4845574e-05 261 395882 0.72876226 0.99986266 86129.571 0.57126909 7.4534633 11.929712 0.095733615 -0.19149353 0 -1.6720149 0 14.226014 -0.5285271 0 0 11.929712 1.1202337 1.2212927 0.25503938 0.57684805 0.38139542 0 0 25630.466
0.0031238635 8.0419332e-06 262 395879 0.72864057 0.99880774 48857.817 0.5751673 7.4637675 11.929348 0.095488095 -0.19120415 0 -1.6724232 0 14.226014 -0.5285271 0 0 11.929348 1.1243478 0.66831863 0.34437956 0.57620027 0.48862893 0 0 29956.36
0.0031425419 1.8678452e-05 263 395871 0.72835852 1.001166 48213.833 0.57457379 7.681762 11.928475 0.095846429 -0.1914696 0 -1.6733879 0 14.226013 -0.52852747 0 0 11.928475 1.12266 0.64083303 0.35128975 0.5755489 0.47835146 0 0 27821.18
0.0031509958 8.4538815e-06 264 395868 0.72824763 0.99968841 51340.771 0.57284287 7.3245426 11.928065 0.095529069 -0.19111769 0 -1.6738305 0 14.226012 -0.52852747 0 0 11.928065 1.123783 0.68477651 0.34012504 0.57604623 0.4677051 0 0 27942.945
0.0031535214 2.5256094e-06 265 395869 0.72823089 0.99905191 53854.236 0.57486459 7.4949469 11.927936 0.095403656 -0.19098839 0 -1.6739639 0 14.226012 -0.52852747 0 0 11.927936 1.1220989 0.70110653 0.33580252 0.57546678 0.46091562 0 0 27757.956
0.0031687041 1.5182715e-05 266 395866 0.728008 1.0008281 48139.743 0.57706192 7.5203443 11.926637 0.095664198 -0.19117008 0 -1.6753409 0 14.226012 -0.52852747 0 0 11.926637 1.1202401 0.63909814 0.3522855 0.57639851 0.48640583 0 0 28829.216
0.0031720977 3.3935792e-06 267 395865 0.72796649 1.0003625 46976.046 0.5756576 7.3998852 11.926898 0.095556419 -0.19104358 0 -1.6750998 0 14.226012 -0.52852747 0 0 11.926898 1.1214158 0.61594494 0.35921901 0.57699833 0.47829574 0 0 26944.694
0.0031839658 1.1868102e-05 268 395862 0.7277134 1.0010109 49731.269 0.57172337 7.142595 11.926361 0.095569246 -0.19094546 0 -1.6757483 0 14.226013 -0.52852748 0 0 11.926361 1.1225754 0.68790652 0.33966362 0.57657798 0.48227466 0 0 29850.736
0.0031951079 1.1142055e-05 269 395860 0.72751696 1.0007919 48638.278 0.57444456 7.3907407 11.925683 0.095455751 -0.19076043 0 -1.6764979 0 14.226013 -0.52852748 0 0 11.925683 1.1218444 0.62443198 0.35754627 0.57825464 0.48263447 0 0 28846.215
0.0032020288 6.9209409e-06 270 395858 0.72737145 0.99849906 50405.745 0.57556441 7.5402618 11.925358 0.094953431 -0.19019233 0 -1.6768879 0 14.226013 -0.52852748 0 0 11.925358 1.1272713 0.6771612 0.34123293 0.5747001 0.47735383 0 0 28755.404
0.0032108618 8.832963e-06 271 395854 0.72725782 1.0006106 49810.428 0.57535855 7.4122982 11.924906 0.095303819 -0.19049132 0 -1.6773926 0 14.226013 -0.52852748 0 0 11.924906 1.1230955 0.62463839 0.35678826 0.57712407 0.46775868 0 0 26765.177
0.0032123944 1.5325945e-06 272 395854 0.72724686 1.0023253 52128.753 0.57412676 7.4601665 11.92482 0.095627335 -0.19081097 0 -1.677482 0 14.226013 -0.52852748 0 0 11.92482 1.1202878 0.73978923 0.32733767 0.57622791 0.46487952 0 0 27674.208
0.003219559 7.1646744e-06 273 395851 0.72716167 1.0017353 50163.409 0.57506737 7.427765 11.924449 0.095486861 -0.19064291 0 -1.6778813 0 14.226013 -0.52852748 0 0 11.924449 1.1217238 0.67482433 0.34279343 0.57633125 0.47122858 0 0 27601.058
0.0032311009 1.154186e-05 274 395847 0.72701384 1.0038466 46395.316 0.57501189 7.8567344 11.923796 0.095825004 -0.19091564 0 -1.6785999 0 14.226014 -0.52852748 0 0 11.923796 1.1187747 0.61832261 0.35805918 0.57624434 0.47828043 0 0 26698.786
0.0032452009 1.4099969e-05 275 395841 0.7267343 1.0016591 52944.911 0.57212039 7.3212135 11.922985 0.095290189 -0.19026472 0 -1.679528 0 14.226015 -0.52852748 0 0 11.922985 1.1249784 0.75800714 0.32453845 0.5782919 0.45519321 0 0 26665.472
0.0032513138 6.1129451e-06 276 395840 0.7266359 1.0019984 48913.094 0.57219552 7.6328197 11.922645 0.095324226 -0.19026823 0 -1.6798994 0 14.226016 -0.52852748 0 0 11.922645 1.124003 0.65667961 0.34780806 0.57684711 0.46329342 0 0 25963.317
0.0032570165 5.7026851e-06 277 395835 0.72659715 0.99912342 47208.703 0.57374401 7.6440726 11.922306 0.094767042 -0.18970037 0 -1.6802492 0 14.226016 -0.52852748 0 0 11.922306 1.1231826 0.64297412 0.35124338 0.57643347 0.48434319 0 0 28400.578
0.0032642213 7.2048114e-06 278 395835 0.72650405 1.0003048 48908.642 0.57672938 7.3988419 11.921892 0.094958476 -0.18985907 0 -1.6806956 0 14.226016 -0.52852748 0 0 11.921892 1.1251567 0.67113094 0.34281219 0.57478337 0.48723321 0 0 29490.357
0.0032661097 1.8883757e-06 279 395835 0.72649378 0.99896458 50411.23 0.57563539 7.4928149 11.921778 0.094700134 -0.18959658 0 -1.6808135 0 14.226016 -0.52852748 0 0 11.921778 1.126658 0.68831155 0.33937752 0.5762619 0.48100989 0 0 29413.51
0.0032727792 6.6695588e-06 280 395834 0.72635274 1.0004535 49816.532 0.57625576 7.4950567 11.921414 0.09492716 -0.18976826 0 -1.6812327 0 14.226016 -0.52852748 0 0 11.921414 1.1235336 0.66710785 0.34403229 0.57509757 0.47413112 0 0 27747.447
0.0032752833 2.5040801e-06 281 395834 0.72632183 1.0003377 49917.873 0.57628687 7.6533838 11.921268 0.094892614 -0.18972117 0 -1.6813913 0 14.226016 -0.52852748 0 0 11.921268 1.1212583 0.67325589 0.34299908 0.57600645 0.47349464 0 0 27687.586
0.0032919735 1.6690175e-05 282 395832 0.72610353 1.0019551 51329.336 0.57622118 9.1432229 11.920282 0.09511092 -0.18985066 0 -1.6824664 0 14.226016 -0.52852748 0 0 11.920282 1.1235313 0.70766874 0.33432627 0.57561197 0.47312322 0 0 28413.241
0.0032999486 7.975111e-06 283 395830 0.7260134 1.0011782 50594.482 0.5765507 7.3805728 11.920534 0.094934216 -0.189645 0 -1.6822439 0 14.226016 -0.52852748 0 0 11.920534 1.1219223 0.68489696 0.33970764 0.5753899 0.48293113 0 0 29733.514
0.0033096461 9.6975105e-06 284 395828 0.72595637 0.99906874 52091.397 0.57542886 7.4337063 11.919906 0.094510252 -0.1891967 0 -1.6828949 0 14.226015 -0.52852748 0 0 11.919906 1.1297491 0.7154563 0.33280987 0.57614534 0.46524994 0 0 27532.78
0.0033193899 9.7438043e-06 285 395826 0.72579056 0.99742593 50519.767 0.57590261 7.432055 11.919302 0.094146059 -0.18877804 0 -1.6835541 0 14.226015 -0.52852749 0 0 11.919302 1.1316385 0.65729951 0.34642203 0.57481946 0.47787418 0 0 28863.892
0.0033311466 1.1756634e-05 286 395821 0.7256571 0.99904622 51236.655 0.57483108 7.2842594 11.918512 0.094399271 -0.18897879 0 -1.6843948 0 14.226018 -0.52853128 0 0 11.918512 1.1289207 0.69804267 0.33594031 0.57444362 0.47331527 0 0 28603
0.0033404079 9.2613236e-06 287 395820 0.72548186 1.0020308 53020.589 0.57707017 7.5008438 11.918001 0.094902209 -0.18941974 0 -1.6849684 0 14.226018 -0.52853128 0 0 11.918001 1.1237596 0.71140557 0.33249735 0.57397254 0.46043357 0 0 26931.442
0.0033580509 1.7643031e-05 288 395814 0.72524001 1.0014204 47654.319 0.57591896 8.5674865 11.917428 0.094714148 -0.18915961 0 -1.685617 0 14.226021 -0.52853132 0 0 11.917428 1.1264436 0.64102126 0.35075049 0.57474977 0.47768267 0 0 27191.715
0.0033606587 2.6077782e-06 289 395813 0.7251628 0.99912656 50128.976 0.57392048 7.3162374 11.91727 0.09424604 -0.18865686 0 -1.6858096 0 14.226021 -0.52853132 0 0 11.91727 1.1286572 0.70523952 0.33454987 0.57500747 0.46839958 0 0 27251.044
0.0033630935 2.4348338e-06 290 395811 0.72511719 0.99790078 49197.553 0.57524962 7.3656037 11.917107 0.093997977 -0.18839143 0 -1.6859898 0 14.226021 -0.52853132 0 0 11.917107 1.1304861 0.63617249 0.35282466 0.57595782 0.4659243 0 0 26140.902
0.0033660914 2.9979036e-06 291 395809 0.72508123 0.99745028 48752.468 0.57701074 7.6365973 11.916898 0.093902711 -0.1882855 0 -1.6862089 0 14.226021 -0.52853132 0 0 11.916898 1.1314975 0.69463734 0.33648537 0.57397047 0.47863473 0 0 27826.433
0.0033783533 1.2261849e-05 292 395809 0.72496449 0.99939396 54949.394 0.57502915 7.4607848 11.916513 0.094227444 -0.18856917 0 -1.6866348 0 14.226021 -0.52853132 0 0 11.916513 1.1280491 0.8051765 0.3116055 0.57226207 0.44451974 0 0 25384.374
0.0033865879 8.2346303e-06 293 395804 0.72488723 1.0011275 48273.311 0.57508881 7.4886387 11.915955 0.09453006 -0.1888472 0 -1.6872202 0 14.226023 -0.52853132 0 0 11.915955 1.1275908 0.66192468 0.34348787 0.57195255 0.46572387 0 0 25638.218
0.0034006255 1.4037565e-05 294 395803 0.72470093 0.99975127 51387.177 0.57440775 7.3795137 11.915278 0.094202093 -0.18845106 0 -1.6879653 0 14.226024 -0.52853132 0 0 11.915278 1.1265085 0.70311312 0.33400437 0.57320379 0.46347536 0 0 26994.41
0.0034107189 1.0093411e-05 295 395802 0.72461865 1.0012788 50283.059 0.5762776 7.3379643 11.914503 0.094458514 -0.18867575 0 -1.6887722 0 14.226024 -0.52853132 0 0 11.914503 1.1237593 0.69796795 0.33526836 0.57326392 0.45290726 0 0 24409.245
