# Ejected BHs
#1:tcount  #2:TotalTime  #3:Nbh,tot  #4:Nbh,single  #5:Nbinarybh  #6:Nbh-bh  #7:Nbh-nonbh  #8:Nbh-ns  #9:N_bh-wd  #10:N_bh-star  #11:Nbh-ms  #12:Nbh-postms #13:fb_bh [(# binaries containing a bh)/(total # systems containing a bh)]
1 0 0 0 0 0 0 0 0 0 0 0 0
1 1.454819e-06 0 0 0 0 0 0 0 0 0 0 0
2 4.4323088e-06 0 0 0 0 0 0 0 0 0 0 0
3 7.1527316e-06 0 0 0 0 0 0 0 0 0 0 0
4 9.8640153e-06 0 0 0 0 0 0 0 0 0 0 0
5 1.1919893e-05 0 0 0 0 0 0 0 0 0 0 0
6 1.4537658e-05 0 0 0 0 0 0 0 0 0 0 0
7 1.6923427e-05 0 0 0 0 0 0 0 0 0 0 0
8 1.7632166e-05 0 0 0 0 0 0 0 0 0 0 0
9 2.0720099e-05 0 0 0 0 0 0 0 0 0 0 0
10 2.247878e-05 0 0 0 0 0 0 0 0 0 0 0
11 2.5013463e-05 0 0 0 0 0 0 0 0 0 0 0
12 2.6541441e-05 0 0 0 0 0 0 0 0 0 0 0
13 2.9310466e-05 0 0 0 0 0 0 0 0 0 0 0
14 3.1287003e-05 0 0 0 0 0 0 0 0 0 0 0
15 3.2485374e-05 0 0 0 0 0 0 0 0 0 0 0
16 3.6368283e-05 0 0 0 0 0 0 0 0 0 0 0
17 3.9157376e-05 0 0 0 0 0 0 0 0 0 0 0
18 4.0219766e-05 0 0 0 0 0 0 0 0 0 0 0
19 4.2763237e-05 0 0 0 0 0 0 0 0 0 0 0
20 4.4212748e-05 0 0 0 0 0 0 0 0 0 0 0
21 4.589331e-05 0 0 0 0 0 0 0 0 0 0 0
22 4.7824589e-05 0 0 0 0 0 0 0 0 0 0 0
23 5.035564e-05 0 0 0 0 0 0 0 0 0 0 0
24 5.2995974e-05 0 0 0 0 0 0 0 0 0 0 0
25 5.5816672e-05 0 0 0 0 0 0 0 0 0 0 0
26 5.7991636e-05 0 0 0 0 0 0 0 0 0 0 0
27 6.0246815e-05 0 0 0 0 0 0 0 0 0 0 0
28 6.1622323e-05 0 0 0 0 0 0 0 0 0 0 0
29 6.239667e-05 0 0 0 0 0 0 0 0 0 0 0
30 6.4624969e-05 0 0 0 0 0 0 0 0 0 0 0
31 6.7683464e-05 0 0 0 0 0 0 0 0 0 0 0
32 6.9283687e-05 0 0 0 0 0 0 0 0 0 0 0
33 7.1905006e-05 0 0 0 0 0 0 0 0 0 0 0
34 7.4478677e-05 0 0 0 0 0 0 0 0 0 0 0
35 7.6498719e-05 0 0 0 0 0 0 0 0 0 0 0
36 8.1042208e-05 0 0 0 0 0 0 0 0 0 0 0
37 8.2137298e-05 0 0 0 0 0 0 0 0 0 0 0
38 8.430227e-05 0 0 0 0 0 0 0 0 0 0 0
39 8.76539e-05 0 0 0 0 0 0 0 0 0 0 0
40 8.8694691e-05 0 0 0 0 0 0 0 0 0 0 0
41 9.2501903e-05 0 0 0 0 0 0 0 0 0 0 0
42 9.5532614e-05 0 0 0 0 0 0 0 0 0 0 0
43 9.8739196e-05 0 0 0 0 0 0 0 0 0 0 0
44 0.00010044942 0 0 0 0 0 0 0 0 0 0 0
45 0.00010331757 0 0 0 0 0 0 0 0 0 0 0
46 0.00010687085 0 0 0 0 0 0 0 0 0 0 0
47 0.00011017604 0 0 0 0 0 0 0 0 0 0 0
48 0.00011388132 0 0 0 0 0 0 0 0 0 0 0
49 0.00011647513 0 0 0 0 0 0 0 0 0 0 0
50 0.00011782332 0 0 0 0 0 0 0 0 0 0 0
51 0.00012046167 0 0 0 0 0 0 0 0 0 0 0
52 0.00012277126 0 0 0 0 0 0 0 0 0 0 0
53 0.00012496989 0 0 0 0 0 0 0 0 0 0 0
54 0.00012961023 0 0 0 0 0 0 0 0 0 0 0
55 0.0001323064 0 0 0 0 0 0 0 0 0 0 0
56 0.00013632478 0 0 0 0 0 0 0 0 0 0 0
57 0.00013988478 0 0 0 0 0 0 0 0 0 0 0
58 0.0001427502 0 0 0 0 0 0 0 0 0 0 0
59 0.00014436297 0 0 0 0 0 0 0 0 0 0 0
60 0.00014705938 0 0 0 0 0 0 0 0 0 0 0
61 0.00014893616 0 0 0 0 0 0 0 0 0 0 0
62 0.00015395279 0 0 0 0 0 0 0 0 0 0 0
63 0.00016205475 0 0 0 0 0 0 0 0 0 0 0
64 0.00017002063 0 0 0 0 0 0 0 0 0 0 0
65 0.00017582728 0 0 0 0 0 0 0 0 0 0 0
66 0.0001898076 3 2 1 0 1 0 0 1 1 0 0.333333
67 0.00021168452 48 35 11 2 9 0 0 9 8 1 0.23913
68 0.0002299503 104 89 13 2 11 0 0 11 9 2 0.127451
69 0.00027091699 240 219 17 4 13 0 0 13 11 2 0.0720339
70 0.00030369035 345 322 19 4 15 0 0 15 13 2 0.0557185
71 0.00033212069 422 392 23 7 16 0 0 16 14 2 0.0554217
72 0.00034401583 454 422 24 8 16 0 0 16 14 2 0.0538117
73 0.00036311652 497 465 24 8 16 0 0 16 14 2 0.0490798
74 0.00037672557 535 501 25 9 16 0 0 16 14 2 0.0475285
75 0.00039479749 573 539 25 9 16 0 0 16 14 2 0.0443262
76 0.00040318816 593 559 25 9 16 0 0 16 14 2 0.0428082
77 0.00041798818 622 588 25 9 16 0 0 16 14 2 0.040783
78 0.00043786212 657 623 25 9 16 0 0 16 14 2 0.0385802
79 0.00045630435 662 628 25 9 16 0 0 16 14 2 0.0382848
80 0.00047111455 663 629 25 9 16 0 0 16 14 2 0.0382263
81 0.00049483229 668 634 25 9 16 0 0 16 14 2 0.0379363
82 0.00051936694 670 636 25 9 16 0 0 16 14 2 0.0378215
83 0.00053811372 674 640 25 9 16 0 0 16 14 2 0.037594
84 0.00054564733 676 642 25 9 16 0 0 16 14 2 0.0374813
85 0.00058617273 682 648 25 9 16 0 0 16 14 2 0.0371471
86 0.00061113394 685 651 25 9 16 0 0 16 14 2 0.0369822
87 0.00063725389 688 654 25 9 16 0 0 16 14 2 0.0368189
88 0.00065085424 688 654 25 9 16 0 0 16 14 2 0.0368189
89 0.00065867287 688 654 25 9 16 0 0 16 14 2 0.0368189
90 0.0006683363 690 656 25 9 16 0 0 16 14 2 0.0367107
91 0.00068101139 690 656 25 9 16 0 0 16 14 2 0.0367107
92 0.00072013114 691 657 25 9 16 0 0 16 14 2 0.0366569
93 0.00074085056 691 657 25 9 16 0 0 16 14 2 0.0366569
94 0.00076058715 691 657 25 9 16 0 0 16 14 2 0.0366569
95 0.00077275406 691 657 25 9 16 0 0 16 14 2 0.0366569
96 0.00078286773 691 657 25 9 16 0 0 16 14 2 0.0366569
97 0.00079222701 691 657 25 9 16 0 0 16 14 2 0.0366569
98 0.00081222315 691 657 25 9 16 0 0 16 14 2 0.0366569
99 0.00083108323 691 657 25 9 16 0 0 16 14 2 0.0366569
100 0.00084455081 691 657 25 9 16 0 0 16 14 2 0.0366569
101 0.0008665803 692 658 25 9 16 0 0 16 14 2 0.0366032
102 0.00088515831 692 658 25 9 16 0 0 16 14 2 0.0366032
103 0.00091027715 692 658 25 9 16 0 0 16 14 2 0.0366032
104 0.00091752178 694 658 26 10 16 0 0 16 14 2 0.0380117
105 0.00093286025 694 658 26 10 16 0 0 16 14 2 0.0380117
106 0.00095316287 694 658 26 10 16 0 0 16 14 2 0.0380117
107 0.00096012468 694 658 26 10 16 0 0 16 14 2 0.0380117
108 0.00097142034 694 658 26 10 16 0 0 16 14 2 0.0380117
109 0.0010036642 694 658 26 10 16 0 0 16 14 2 0.0380117
110 0.0010326507 694 658 26 10 16 0 0 16 14 2 0.0380117
111 0.0010507283 694 658 26 10 16 0 0 16 14 2 0.0380117
112 0.0010682341 694 658 26 10 16 0 0 16 14 2 0.0380117
113 0.0010743191 694 658 26 10 16 0 0 16 14 2 0.0380117
114 0.0010959194 694 658 26 10 16 0 0 16 14 2 0.0380117
115 0.0011211783 694 658 26 10 16 0 0 16 14 2 0.0380117
116 0.0011433819 694 658 26 10 16 0 0 16 14 2 0.0380117
117 0.0011623284 694 658 26 10 16 0 0 16 14 2 0.0380117
118 0.0011767734 694 658 26 10 16 0 0 16 14 2 0.0380117
119 0.0011933079 694 658 26 10 16 0 0 16 14 2 0.0380117
120 0.0012086507 694 658 26 10 16 0 0 16 14 2 0.0380117
121 0.0012185163 694 658 26 10 16 0 0 16 14 2 0.0380117
122 0.0012327203 694 658 26 10 16 0 0 16 14 2 0.0380117
123 0.0012498572 694 658 26 10 16 0 0 16 14 2 0.0380117
124 0.0012645667 694 658 26 10 16 0 0 16 14 2 0.0380117
125 0.001273806 694 658 26 10 16 0 0 16 14 2 0.0380117
126 0.0012940477 694 658 26 10 16 0 0 16 14 2 0.0380117
127 0.0013118523 694 658 26 10 16 0 0 16 14 2 0.0380117
128 0.0013306872 694 658 26 10 16 0 0 16 14 2 0.0380117
129 0.0013536298 694 658 26 10 16 0 0 16 14 2 0.0380117
130 0.0013608257 694 658 26 10 16 0 0 16 14 2 0.0380117
131 0.0013751361 694 658 26 10 16 0 0 16 14 2 0.0380117
132 0.0013847614 694 658 26 10 16 0 0 16 14 2 0.0380117
133 0.0014109584 694 658 26 10 16 0 0 16 14 2 0.0380117
134 0.0014228278 694 658 26 10 16 0 0 16 14 2 0.0380117
135 0.0014289276 694 658 26 10 16 0 0 16 14 2 0.0380117
136 0.0014375246 694 658 26 10 16 0 0 16 14 2 0.0380117
137 0.0014517651 694 658 26 10 16 0 0 16 14 2 0.0380117
138 0.0014595656 694 658 26 10 16 0 0 16 14 2 0.0380117
139 0.0014708295 694 658 26 10 16 0 0 16 14 2 0.0380117
140 0.0014929316 694 658 26 10 16 0 0 16 14 2 0.0380117
141 0.0015007515 694 658 26 10 16 0 0 16 14 2 0.0380117
142 0.0015268338 694 658 26 10 16 0 0 16 14 2 0.0380117
143 0.0015396364 694 658 26 10 16 0 0 16 14 2 0.0380117
144 0.0015510645 694 658 26 10 16 0 0 16 14 2 0.0380117
145 0.0015661587 694 658 26 10 16 0 0 16 14 2 0.0380117
146 0.0015865166 694 658 26 10 16 0 0 16 14 2 0.0380117
147 0.0015972958 694 658 26 10 16 0 0 16 14 2 0.0380117
148 0.0016063766 694 658 26 10 16 0 0 16 14 2 0.0380117
149 0.0016164207 694 658 26 10 16 0 0 16 14 2 0.0380117
150 0.001630435 694 658 26 10 16 0 0 16 14 2 0.0380117
151 0.0016407042 694 658 26 10 16 0 0 16 14 2 0.0380117
152 0.0016603516 694 658 26 10 16 0 0 16 14 2 0.0380117
153 0.0016825504 694 658 26 10 16 0 0 16 14 2 0.0380117
154 0.0017023117 694 658 26 10 16 0 0 16 14 2 0.0380117
155 0.0017212331 694 658 26 10 16 0 0 16 14 2 0.0380117
156 0.0017365351 694 658 26 10 16 0 0 16 14 2 0.0380117
157 0.001750371 694 658 26 10 16 0 0 16 14 2 0.0380117
158 0.0017619037 694 658 26 10 16 0 0 16 14 2 0.0380117
159 0.0017744926 694 658 26 10 16 0 0 16 14 2 0.0380117
160 0.0017852696 694 658 26 10 16 0 0 16 14 2 0.0380117
161 0.0018038744 694 658 26 10 16 0 0 16 14 2 0.0380117
162 0.0018274035 694 658 26 10 16 0 0 16 14 2 0.0380117
163 0.0018335163 694 658 26 10 16 0 0 16 14 2 0.0380117
164 0.0018562668 694 658 26 10 16 0 0 16 14 2 0.0380117
165 0.0018776854 694 658 26 10 16 0 0 16 14 2 0.0380117
166 0.0018958222 694 658 26 10 16 0 0 16 14 2 0.0380117
167 0.0019191993 694 658 26 10 16 0 0 16 14 2 0.0380117
168 0.0019390328 694 658 26 10 16 0 0 16 14 2 0.0380117
169 0.0019468527 694 658 26 10 16 0 0 16 14 2 0.0380117
170 0.0019671502 694 658 26 10 16 0 0 16 14 2 0.0380117
171 0.0019810121 695 659 26 10 16 0 0 16 14 2 0.0379562
172 0.0019926919 695 659 26 10 16 0 0 16 14 2 0.0379562
173 0.0020091451 695 659 26 10 16 0 0 16 14 2 0.0379562
174 0.0020171359 695 659 26 10 16 0 0 16 14 2 0.0379562
175 0.0020387095 695 659 26 10 16 0 0 16 14 2 0.0379562
176 0.0020543708 697 659 27 11 16 0 0 16 14 2 0.0393586
177 0.0020631424 697 659 27 11 16 0 0 16 14 2 0.0393586
178 0.0020808367 697 659 27 11 16 0 0 16 14 2 0.0393586
179 0.0020933473 697 659 27 11 16 0 0 16 14 2 0.0393586
180 0.0021128331 697 659 27 11 16 0 0 16 14 2 0.0393586
181 0.0021304171 697 659 27 11 16 0 0 16 14 2 0.0393586
182 0.0021421733 697 659 27 11 16 0 0 16 14 2 0.0393586
183 0.002158045 697 659 27 11 16 0 0 16 14 2 0.0393586
184 0.0021669483 697 659 27 11 16 0 0 16 14 2 0.0393586
185 0.00217794 697 659 27 11 16 0 0 16 14 2 0.0393586
186 0.0021951868 697 659 27 11 16 0 0 16 14 2 0.0393586
187 0.0022019829 697 659 27 11 16 0 0 16 14 2 0.0393586
188 0.0022151115 697 659 27 11 16 0 0 16 14 2 0.0393586
189 0.0022222016 697 659 27 11 16 0 0 16 14 2 0.0393586
190 0.0022328911 697 659 27 11 16 0 0 16 14 2 0.0393586
191 0.0022398745 697 659 27 11 16 0 0 16 14 2 0.0393586
192 0.0022604929 697 659 27 11 16 0 0 16 14 2 0.0393586
193 0.0022821116 697 659 27 11 16 0 0 16 14 2 0.0393586
194 0.0022967156 697 659 27 11 16 0 0 16 14 2 0.0393586
195 0.002309903 697 659 27 11 16 0 0 16 14 2 0.0393586
196 0.002321829 697 659 27 11 16 0 0 16 14 2 0.0393586
197 0.0023352288 697 659 27 11 16 0 0 16 14 2 0.0393586
198 0.0023405835 698 660 27 11 16 0 0 16 14 2 0.0393013
199 0.0023476172 698 660 27 11 16 0 0 16 14 2 0.0393013
200 0.0023611424 698 660 27 11 16 0 0 16 14 2 0.0393013
201 0.002376227 698 660 27 11 16 0 0 16 14 2 0.0393013
202 0.0023925887 698 660 27 11 16 0 0 16 14 2 0.0393013
203 0.0024027893 698 660 27 11 16 0 0 16 14 2 0.0393013
204 0.002416932 698 660 27 11 16 0 0 16 14 2 0.0393013
205 0.0024322498 698 660 27 11 16 0 0 16 14 2 0.0393013
206 0.0024402469 698 660 27 11 16 0 0 16 14 2 0.0393013
207 0.0024543322 698 660 27 11 16 0 0 16 14 2 0.0393013
208 0.002470813 698 660 27 11 16 0 0 16 14 2 0.0393013
209 0.0024813411 698 660 27 11 16 0 0 16 14 2 0.0393013
210 0.0024911204 698 660 27 11 16 0 0 16 14 2 0.0393013
211 0.0025024456 698 660 27 11 16 0 0 16 14 2 0.0393013
212 0.0025156941 698 660 27 11 16 0 0 16 14 2 0.0393013
213 0.0025221127 698 660 27 11 16 0 0 16 14 2 0.0393013
214 0.0025310963 698 660 27 11 16 0 0 16 14 2 0.0393013
215 0.0025440562 698 660 27 11 16 0 0 16 14 2 0.0393013
216 0.0025517128 698 660 27 11 16 0 0 16 14 2 0.0393013
217 0.0025593285 698 660 27 11 16 0 0 16 14 2 0.0393013
218 0.002576397 698 660 27 11 16 0 0 16 14 2 0.0393013
219 0.0025935685 698 660 27 11 16 0 0 16 14 2 0.0393013
220 0.0026126348 698 660 27 11 16 0 0 16 14 2 0.0393013
221 0.002616709 698 660 27 11 16 0 0 16 14 2 0.0393013
222 0.0026253377 698 660 27 11 16 0 0 16 14 2 0.0393013
223 0.0026360274 698 660 27 11 16 0 0 16 14 2 0.0393013
224 0.002645194 698 660 27 11 16 0 0 16 14 2 0.0393013
225 0.0026597339 698 660 27 11 16 0 0 16 14 2 0.0393013
226 0.0026666801 698 660 27 11 16 0 0 16 14 2 0.0393013
227 0.0026826955 698 660 27 11 16 0 0 16 14 2 0.0393013
228 0.0027046257 698 660 27 11 16 0 0 16 14 2 0.0393013
229 0.0027164365 698 660 27 11 16 0 0 16 14 2 0.0393013
230 0.0027249053 698 660 27 11 16 0 0 16 14 2 0.0393013
231 0.002738213 698 660 27 11 16 0 0 16 14 2 0.0393013
232 0.0027453577 698 660 27 11 16 0 0 16 14 2 0.0393013
233 0.0027557141 698 660 27 11 16 0 0 16 14 2 0.0393013
234 0.002767996 698 660 27 11 16 0 0 16 14 2 0.0393013
235 0.0027814679 698 660 27 11 16 0 0 16 14 2 0.0393013
236 0.0027939555 698 660 27 11 16 0 0 16 14 2 0.0393013
237 0.0028078811 698 660 27 11 16 0 0 16 14 2 0.0393013
238 0.0028286155 698 660 27 11 16 0 0 16 14 2 0.0393013
239 0.0028502493 698 660 27 11 16 0 0 16 14 2 0.0393013
240 0.0028675613 698 660 27 11 16 0 0 16 14 2 0.0393013
241 0.0028813368 698 660 27 11 16 0 0 16 14 2 0.0393013
242 0.0028914948 698 660 27 11 16 0 0 16 14 2 0.0393013
243 0.0029035509 698 660 27 11 16 0 0 16 14 2 0.0393013
244 0.0029189245 698 660 27 11 16 0 0 16 14 2 0.0393013
245 0.00293982 698 660 27 11 16 0 0 16 14 2 0.0393013
246 0.00295168 698 660 27 11 16 0 0 16 14 2 0.0393013
247 0.0029613133 699 661 27 11 16 0 0 16 14 2 0.0392442
248 0.0029734413 699 661 27 11 16 0 0 16 14 2 0.0392442
249 0.0029860527 699 661 27 11 16 0 0 16 14 2 0.0392442
250 0.0029972131 699 661 27 11 16 0 0 16 14 2 0.0392442
251 0.0030052137 699 661 27 11 16 0 0 16 14 2 0.0392442
252 0.0030191507 699 661 27 11 16 0 0 16 14 2 0.0392442
253 0.0030345735 699 661 27 11 16 0 0 16 14 2 0.0392442
254 0.0030468357 699 661 27 11 16 0 0 16 14 2 0.0392442
255 0.0030474568 699 661 27 11 16 0 0 16 14 2 0.0392442
256 0.0030632203 699 661 27 11 16 0 0 16 14 2 0.0392442
257 0.0030726751 699 661 27 11 16 0 0 16 14 2 0.0392442
258 0.003078777 699 661 27 11 16 0 0 16 14 2 0.0392442
259 0.0030837419 699 661 27 11 16 0 0 16 14 2 0.0392442
260 0.003100976 699 661 27 11 16 0 0 16 14 2 0.0392442
261 0.0031158215 699 661 27 11 16 0 0 16 14 2 0.0392442
262 0.0031238635 699 661 27 11 16 0 0 16 14 2 0.0392442
263 0.0031425419 699 661 27 11 16 0 0 16 14 2 0.0392442
264 0.0031509958 699 661 27 11 16 0 0 16 14 2 0.0392442
265 0.0031535214 699 661 27 11 16 0 0 16 14 2 0.0392442
266 0.0031687041 699 661 27 11 16 0 0 16 14 2 0.0392442
267 0.0031720977 699 661 27 11 16 0 0 16 14 2 0.0392442
268 0.0031839658 699 661 27 11 16 0 0 16 14 2 0.0392442
269 0.0031951079 699 661 27 11 16 0 0 16 14 2 0.0392442
270 0.0032020288 699 661 27 11 16 0 0 16 14 2 0.0392442
271 0.0032108618 699 661 27 11 16 0 0 16 14 2 0.0392442
272 0.0032123944 699 661 27 11 16 0 0 16 14 2 0.0392442
273 0.003219559 699 661 27 11 16 0 0 16 14 2 0.0392442
274 0.0032311009 699 661 27 11 16 0 0 16 14 2 0.0392442
275 0.0032452009 699 661 27 11 16 0 0 16 14 2 0.0392442
276 0.0032513138 699 661 27 11 16 0 0 16 14 2 0.0392442
277 0.0032570165 699 661 27 11 16 0 0 16 14 2 0.0392442
278 0.0032642213 699 661 27 11 16 0 0 16 14 2 0.0392442
279 0.0032661097 699 661 27 11 16 0 0 16 14 2 0.0392442
280 0.0032727792 699 661 27 11 16 0 0 16 14 2 0.0392442
281 0.0032752833 699 661 27 11 16 0 0 16 14 2 0.0392442
282 0.0032919735 699 661 27 11 16 0 0 16 14 2 0.0392442
283 0.0032999486 699 661 27 11 16 0 0 16 14 2 0.0392442
284 0.0033096461 699 661 27 11 16 0 0 16 14 2 0.0392442
285 0.0033193899 699 661 27 11 16 0 0 16 14 2 0.0392442
286 0.0033311466 699 661 27 11 16 0 0 16 14 2 0.0392442
287 0.0033404079 699 661 27 11 16 0 0 16 14 2 0.0392442
288 0.0033580509 699 661 27 11 16 0 0 16 14 2 0.0392442
289 0.0033606587 699 661 27 11 16 0 0 16 14 2 0.0392442
290 0.0033630935 699 661 27 11 16 0 0 16 14 2 0.0392442
291 0.0033660914 699 661 27 11 16 0 0 16 14 2 0.0392442
292 0.0033783533 699 661 27 11 16 0 0 16 14 2 0.0392442
293 0.0033865879 699 661 27 11 16 0 0 16 14 2 0.0392442
294 0.0034006255 699 661 27 11 16 0 0 16 14 2 0.0392442
295 0.0034107189 699 661 27 11 16 0 0 16 14 2 0.0392442
