#1:tcount  #2:TotalTime  #3:Nbh,tot  #4:Nbh,single  #5:Nbinarybh  #6:Nbh-bh  #7:Nbh-nonbh  #8:Nbh-ns  #9:N_bh-wd  #10:N_bh-star  #11:Nbh-ms  #12:Nbh-postms #13:fb_bh [(# binaries containing a bh)/(total # systems containing a bh)
1 0 0 0 0 0 0 0 0 0 0 0 0
1 1.454819e-06 0 0 0 0 0 0 0 0 0 0 0
2 4.4323088e-06 0 0 0 0 0 0 0 0 0 0 0
3 7.1527316e-06 0 0 0 0 0 0 0 0 0 0 0
4 9.8640153e-06 0 0 0 0 0 0 0 0 0 0 0
5 1.1919893e-05 0 0 0 0 0 0 0 0 0 0 0
6 1.4537658e-05 0 0 0 0 0 0 0 0 0 0 0
7 1.6923427e-05 0 0 0 0 0 0 0 0 0 0 0
8 1.7632166e-05 0 0 0 0 0 0 0 0 0 0 0
9 2.0720099e-05 0 0 0 0 0 0 0 0 0 0 0
10 2.247878e-05 0 0 0 0 0 0 0 0 0 0 0
11 2.5013463e-05 0 0 0 0 0 0 0 0 0 0 0
12 2.6541441e-05 0 0 0 0 0 0 0 0 0 0 0
13 2.9310466e-05 0 0 0 0 0 0 0 0 0 0 0
14 3.1287003e-05 0 0 0 0 0 0 0 0 0 0 0
15 3.2485374e-05 0 0 0 0 0 0 0 0 0 0 0
16 3.6368283e-05 0 0 0 0 0 0 0 0 0 0 0
17 3.9157376e-05 0 0 0 0 0 0 0 0 0 0 0
18 4.0219766e-05 0 0 0 0 0 0 0 0 0 0 0
19 4.2763237e-05 0 0 0 0 0 0 0 0 0 0 0
20 4.4212748e-05 0 0 0 0 0 0 0 0 0 0 0
21 4.589331e-05 0 0 0 0 0 0 0 0 0 0 0
22 4.7824589e-05 0 0 0 0 0 0 0 0 0 0 0
23 5.035564e-05 0 0 0 0 0 0 0 0 0 0 0
24 5.2995974e-05 0 0 0 0 0 0 0 0 0 0 0
25 5.5816672e-05 0 0 0 0 0 0 0 0 0 0 0
26 5.7991636e-05 0 0 0 0 0 0 0 0 0 0 0
27 6.0246815e-05 0 0 0 0 0 0 0 0 0 0 0
28 6.1622323e-05 0 0 0 0 0 0 0 0 0 0 0
29 6.239667e-05 0 0 0 0 0 0 0 0 0 0 0
30 6.4624969e-05 0 0 0 0 0 0 0 0 0 0 0
31 6.7683464e-05 0 0 0 0 0 0 0 0 0 0 0
32 6.9283687e-05 0 0 0 0 0 0 0 0 0 0 0
33 7.1905006e-05 0 0 0 0 0 0 0 0 0 0 0
34 7.4478677e-05 0 0 0 0 0 0 0 0 0 0 0
35 7.6498719e-05 0 0 0 0 0 0 0 0 0 0 0
36 8.1042208e-05 0 0 0 0 0 0 0 0 0 0 0
37 8.2137298e-05 0 0 0 0 0 0 0 0 0 0 0
38 8.430227e-05 0 0 0 0 0 0 0 0 0 0 0
39 8.76539e-05 0 0 0 0 0 0 0 0 0 0 0
40 8.8694691e-05 0 0 0 0 0 0 0 0 0 0 0
41 9.2501903e-05 0 0 0 0 0 0 0 0 0 0 0
42 9.5532614e-05 0 0 0 0 0 0 0 0 0 0 0
43 9.8739196e-05 0 0 0 0 0 0 0 0 0 0 0
44 0.00010044942 0 0 0 0 0 0 0 0 0 0 0
45 0.00010331757 0 0 0 0 0 0 0 0 0 0 0
46 0.00010687085 0 0 0 0 0 0 0 0 0 0 0
47 0.00011017604 5 5 0 0 0 0 0 0 0 0 0
48 0.00011388132 18 12 6 0 6 0 0 6 4 2 0.333333
49 0.00011647513 27 17 9 1 8 0 0 8 6 2 0.346154
50 0.00011782332 32 20 11 1 10 0 0 10 8 2 0.354839
51 0.00012046167 39 23 13 3 10 0 0 10 8 2 0.361111
52 0.00012277126 48 28 17 3 14 0 0 14 12 2 0.377778
53 0.00012496989 59 32 24 3 21 0 0 21 16 5 0.428571
54 0.00012961023 75 39 32 4 28 0 0 28 17 11 0.450704
55 0.0001323064 87 44 36 7 29 0 0 29 21 8 0.45
56 0.00013632478 114 55 47 12 35 0 0 35 27 8 0.460784
57 0.00013988478 134 66 51 17 34 0 0 34 26 8 0.435897
58 0.0001427502 142 69 55 18 37 0 0 37 29 8 0.443548
59 0.00014436297 148 72 57 19 38 0 0 38 28 10 0.44186
60 0.00014705938 161 78 61 22 39 0 0 39 30 9 0.438849
61 0.00014893616 168 83 63 22 41 0 0 41 29 12 0.431507
62 0.00015395279 193 94 70 29 41 0 0 41 27 14 0.426829
63 0.00016205475 240 112 88 40 48 0 0 48 38 10 0.44
64 0.00017002063 276 129 99 48 51 0 0 51 40 11 0.434211
65 0.00017582728 296 140 105 51 54 0 0 54 37 17 0.428571
66 0.0001898076 364 177 119 68 51 0 0 51 35 16 0.402027
67 0.00021168452 484 251 141 92 49 0 0 49 38 11 0.359694
68 0.0002299503 513 276 132 105 27 0 0 27 18 9 0.323529
69 0.00027091699 605 361 128 116 12 0 0 12 10 2 0.261759
70 0.00030369035 578 338 125 115 10 0 0 10 5 5 0.269978
71 0.00033212069 550 311 121 118 3 0 0 3 3 0 0.280093
72 0.00034401583 506 274 117 115 2 0 0 2 1 1 0.299233
73 0.00036311652 517 287 116 114 2 0 0 2 1 1 0.287841
74 0.00037672557 510 281 115 114 1 0 0 1 1 0 0.290404
75 0.00039479749 511 284 114 113 1 0 0 1 1 0 0.286432
76 0.00040318816 491 266 113 112 1 0 0 1 1 0 0.298153
77 0.00041798818 500 276 112 112 0 0 0 0 0 0 0.28866
78 0.00043786212 506 282 112 112 0 0 0 0 0 0 0.284264
79 0.00045630435 476 252 112 112 0 0 0 0 0 0 0.307692
80 0.00047111455 472 248 112 112 0 0 0 0 0 0 0.311111
81 0.00049483229 476 252 112 112 0 0 0 0 0 0 0.307692
82 0.00051936694 473 249 112 112 0 0 0 0 0 0 0.310249
83 0.00053811372 475 251 112 112 0 0 0 0 0 0 0.30854
84 0.00054564733 473 249 112 112 0 0 0 0 0 0 0.310249
85 0.00058617273 477 253 112 112 0 0 0 0 0 0 0.306849
86 0.00061113394 474 250 112 112 0 0 0 0 0 0 0.309392
87 0.00063725389 474 250 112 112 0 0 0 0 0 0 0.309392
88 0.00065085424 471 247 112 112 0 0 0 0 0 0 0.311978
89 0.00065867287 471 247 112 112 0 0 0 0 0 0 0.311978
90 0.0006683363 473 249 112 112 0 0 0 0 0 0 0.310249
91 0.00068101139 471 247 112 112 0 0 0 0 0 0 0.311978
92 0.00072013114 472 248 112 112 0 0 0 0 0 0 0.311111
93 0.00074085056 471 247 112 112 0 0 0 0 0 0 0.311978
94 0.00076058715 471 247 112 112 0 0 0 0 0 0 0.311978
95 0.00077275406 471 247 112 112 0 0 0 0 0 0 0.311978
96 0.00078286773 471 247 112 112 0 0 0 0 0 0 0.311978
97 0.00079222701 471 247 112 112 0 0 0 0 0 0 0.311978
98 0.00081222315 471 247 112 112 0 0 0 0 0 0 0.311978
99 0.00083108323 471 247 112 112 0 0 0 0 0 0 0.311978
100 0.00084455081 471 247 112 112 0 0 0 0 0 0 0.311978
101 0.0008665803 472 248 112 112 0 0 0 0 0 0 0.311111
102 0.00088515831 471 247 112 112 0 0 0 0 0 0 0.311978
103 0.00091027715 471 247 112 112 0 0 0 0 0 0 0.311978
104 0.00091752178 471 247 112 112 0 0 0 0 0 0 0.311978
105 0.00093286025 469 247 111 111 0 0 0 0 0 0 0.310056
106 0.00095316287 469 247 111 111 0 0 0 0 0 0 0.310056
107 0.00096012468 469 247 111 111 0 0 0 0 0 0 0.310056
108 0.00097142034 469 247 111 111 0 0 0 0 0 0 0.310056
109 0.0010036642 469 247 111 111 0 0 0 0 0 0 0.310056
110 0.0010326507 469 247 111 111 0 0 0 0 0 0 0.310056
111 0.0010507283 469 247 111 111 0 0 0 0 0 0 0.310056
112 0.0010682341 469 247 111 111 0 0 0 0 0 0 0.310056
113 0.0010743191 469 247 111 111 0 0 0 0 0 0 0.310056
114 0.0010959194 469 247 111 111 0 0 0 0 0 0 0.310056
115 0.0011211783 469 247 111 111 0 0 0 0 0 0 0.310056
116 0.0011433819 469 247 111 111 0 0 0 0 0 0 0.310056
117 0.0011623284 469 247 111 111 0 0 0 0 0 0 0.310056
118 0.0011767734 469 247 111 111 0 0 0 0 0 0 0.310056
119 0.0011933079 469 247 111 111 0 0 0 0 0 0 0.310056
120 0.0012086507 469 247 111 111 0 0 0 0 0 0 0.310056
121 0.0012185163 469 247 111 111 0 0 0 0 0 0 0.310056
122 0.0012327203 469 247 111 111 0 0 0 0 0 0 0.310056
123 0.0012498572 469 247 111 111 0 0 0 0 0 0 0.310056
124 0.0012645667 469 247 111 111 0 0 0 0 0 0 0.310056
125 0.001273806 469 247 111 111 0 0 0 0 0 0 0.310056
126 0.0012940477 469 247 111 111 0 0 0 0 0 0 0.310056
127 0.0013118523 469 247 111 111 0 0 0 0 0 0 0.310056
128 0.0013306872 469 247 111 111 0 0 0 0 0 0 0.310056
129 0.0013536298 469 247 111 111 0 0 0 0 0 0 0.310056
130 0.0013608257 469 247 111 111 0 0 0 0 0 0 0.310056
131 0.0013751361 469 247 111 111 0 0 0 0 0 0 0.310056
132 0.0013847614 469 247 111 111 0 0 0 0 0 0 0.310056
133 0.0014109584 469 247 111 111 0 0 0 0 0 0 0.310056
134 0.0014228278 469 247 111 111 0 0 0 0 0 0 0.310056
135 0.0014289276 469 247 111 111 0 0 0 0 0 0 0.310056
136 0.0014375246 469 247 111 111 0 0 0 0 0 0 0.310056
137 0.0014517651 469 247 111 111 0 0 0 0 0 0 0.310056
138 0.0014595656 469 247 111 111 0 0 0 0 0 0 0.310056
139 0.0014708295 469 247 111 111 0 0 0 0 0 0 0.310056
140 0.0014929316 469 247 111 111 0 0 0 0 0 0 0.310056
141 0.0015007515 469 247 111 111 0 0 0 0 0 0 0.310056
142 0.0015268338 469 247 111 111 0 0 0 0 0 0 0.310056
143 0.0015396364 469 247 111 111 0 0 0 0 0 0 0.310056
144 0.0015510645 469 247 111 111 0 0 0 0 0 0 0.310056
145 0.0015661587 469 247 111 111 0 0 0 0 0 0 0.310056
146 0.0015865166 469 247 111 111 0 0 0 0 0 0 0.310056
147 0.0015972958 469 247 111 111 0 0 0 0 0 0 0.310056
148 0.0016063766 469 247 111 111 0 0 0 0 0 0 0.310056
149 0.0016164207 469 247 111 111 0 0 0 0 0 0 0.310056
150 0.001630435 469 247 111 111 0 0 0 0 0 0 0.310056
151 0.0016407042 469 247 111 111 0 0 0 0 0 0 0.310056
152 0.0016603516 469 247 111 111 0 0 0 0 0 0 0.310056
153 0.0016825504 469 247 111 111 0 0 0 0 0 0 0.310056
154 0.0017023117 469 247 111 111 0 0 0 0 0 0 0.310056
155 0.0017212331 469 247 111 111 0 0 0 0 0 0 0.310056
156 0.0017365351 469 247 111 111 0 0 0 0 0 0 0.310056
157 0.001750371 469 247 111 111 0 0 0 0 0 0 0.310056
158 0.0017619037 469 247 111 111 0 0 0 0 0 0 0.310056
159 0.0017744926 469 247 111 111 0 0 0 0 0 0 0.310056
160 0.0017852696 469 247 111 111 0 0 0 0 0 0 0.310056
161 0.0018038744 469 247 111 111 0 0 0 0 0 0 0.310056
162 0.0018274035 469 247 111 111 0 0 0 0 0 0 0.310056
163 0.0018335163 469 247 111 111 0 0 0 0 0 0 0.310056
164 0.0018562668 469 247 111 111 0 0 0 0 0 0 0.310056
165 0.0018776854 469 247 111 111 0 0 0 0 0 0 0.310056
166 0.0018958222 469 247 111 111 0 0 0 0 0 0 0.310056
167 0.0019191993 469 247 111 111 0 0 0 0 0 0 0.310056
168 0.0019390328 469 247 111 111 0 0 0 0 0 0 0.310056
169 0.0019468527 469 247 111 111 0 0 0 0 0 0 0.310056
170 0.0019671502 469 247 111 111 0 0 0 0 0 0 0.310056
171 0.0019810121 468 248 110 110 0 0 0 0 0 0 0.307263
172 0.0019926919 467 247 110 110 0 0 0 0 0 0 0.308123
173 0.0020091451 467 247 110 110 0 0 0 0 0 0 0.308123
174 0.0020171359 467 247 110 110 0 0 0 0 0 0 0.308123
175 0.0020387095 467 247 110 110 0 0 0 0 0 0 0.308123
176 0.0020543708 467 247 110 110 0 0 0 0 0 0 0.308123
177 0.0020631424 465 247 109 109 0 0 0 0 0 0 0.30618
178 0.0020808367 465 247 109 109 0 0 0 0 0 0 0.30618
179 0.0020933473 465 247 109 109 0 0 0 0 0 0 0.30618
180 0.0021128331 465 247 109 109 0 0 0 0 0 0 0.30618
181 0.0021304171 465 247 109 109 0 0 0 0 0 0 0.30618
182 0.0021421733 465 247 109 109 0 0 0 0 0 0 0.30618
183 0.002158045 465 247 109 109 0 0 0 0 0 0 0.30618
184 0.0021669483 465 247 109 109 0 0 0 0 0 0 0.30618
185 0.00217794 465 247 109 109 0 0 0 0 0 0 0.30618
186 0.0021951868 465 247 109 109 0 0 0 0 0 0 0.30618
187 0.0022019829 465 247 109 109 0 0 0 0 0 0 0.30618
188 0.0022151115 465 247 109 109 0 0 0 0 0 0 0.30618
189 0.0022222016 465 247 109 109 0 0 0 0 0 0 0.30618
190 0.0022328911 465 247 109 109 0 0 0 0 0 0 0.30618
191 0.0022398745 465 247 109 109 0 0 0 0 0 0 0.30618
192 0.0022604929 465 247 109 109 0 0 0 0 0 0 0.30618
193 0.0022821116 465 247 109 109 0 0 0 0 0 0 0.30618
194 0.0022967156 465 247 109 109 0 0 0 0 0 0 0.30618
195 0.002309903 465 247 109 109 0 0 0 0 0 0 0.30618
196 0.002321829 465 247 109 109 0 0 0 0 0 0 0.30618
197 0.0023352288 465 247 109 109 0 0 0 0 0 0 0.30618
198 0.0023405835 464 248 108 108 0 0 0 0 0 0 0.303371
199 0.0023476172 463 247 108 108 0 0 0 0 0 0 0.304225
200 0.0023611424 463 247 108 108 0 0 0 0 0 0 0.304225
201 0.002376227 463 247 108 108 0 0 0 0 0 0 0.304225
202 0.0023925887 463 247 108 108 0 0 0 0 0 0 0.304225
203 0.0024027893 463 247 108 108 0 0 0 0 0 0 0.304225
204 0.002416932 463 247 108 108 0 0 0 0 0 0 0.304225
205 0.0024322498 463 247 108 108 0 0 0 0 0 0 0.304225
206 0.0024402469 463 247 108 108 0 0 0 0 0 0 0.304225
207 0.0024543322 463 247 108 108 0 0 0 0 0 0 0.304225
208 0.002470813 463 247 108 108 0 0 0 0 0 0 0.304225
209 0.0024813411 463 247 108 108 0 0 0 0 0 0 0.304225
210 0.0024911204 463 247 108 108 0 0 0 0 0 0 0.304225
211 0.0025024456 463 247 108 108 0 0 0 0 0 0 0.304225
212 0.0025156941 463 247 108 108 0 0 0 0 0 0 0.304225
213 0.0025221127 463 247 108 108 0 0 0 0 0 0 0.304225
214 0.0025310963 463 247 108 108 0 0 0 0 0 0 0.304225
215 0.0025440562 463 247 108 108 0 0 0 0 0 0 0.304225
216 0.0025517128 463 247 108 108 0 0 0 0 0 0 0.304225
217 0.0025593285 463 247 108 108 0 0 0 0 0 0 0.304225
218 0.002576397 463 247 108 108 0 0 0 0 0 0 0.304225
219 0.0025935685 463 247 108 108 0 0 0 0 0 0 0.304225
220 0.0026126348 463 247 108 108 0 0 0 0 0 0 0.304225
221 0.002616709 463 247 108 108 0 0 0 0 0 0 0.304225
222 0.0026253377 463 247 108 108 0 0 0 0 0 0 0.304225
223 0.0026360274 463 247 108 108 0 0 0 0 0 0 0.304225
224 0.002645194 463 247 108 108 0 0 0 0 0 0 0.304225
225 0.0026597339 463 247 108 108 0 0 0 0 0 0 0.304225
226 0.0026666801 463 247 108 108 0 0 0 0 0 0 0.304225
227 0.0026826955 463 247 108 108 0 0 0 0 0 0 0.304225
228 0.0027046257 463 247 108 108 0 0 0 0 0 0 0.304225
229 0.0027164365 463 247 108 108 0 0 0 0 0 0 0.304225
230 0.0027249053 463 247 108 108 0 0 0 0 0 0 0.304225
231 0.002738213 463 247 108 108 0 0 0 0 0 0 0.304225
232 0.0027453577 463 247 108 108 0 0 0 0 0 0 0.304225
233 0.0027557141 463 247 108 108 0 0 0 0 0 0 0.304225
234 0.002767996 463 247 108 108 0 0 0 0 0 0 0.304225
235 0.0027814679 463 247 108 108 0 0 0 0 0 0 0.304225
236 0.0027939555 463 247 108 108 0 0 0 0 0 0 0.304225
237 0.0028078811 463 247 108 108 0 0 0 0 0 0 0.304225
238 0.0028286155 463 247 108 108 0 0 0 0 0 0 0.304225
239 0.0028502493 463 247 108 108 0 0 0 0 0 0 0.304225
240 0.0028675613 463 247 108 108 0 0 0 0 0 0 0.304225
241 0.0028813368 463 247 108 108 0 0 0 0 0 0 0.304225
242 0.0028914948 463 247 108 108 0 0 0 0 0 0 0.304225
243 0.0029035509 463 247 108 108 0 0 0 0 0 0 0.304225
244 0.0029189245 463 247 108 108 0 0 0 0 0 0 0.304225
245 0.00293982 463 247 108 108 0 0 0 0 0 0 0.304225
246 0.00295168 463 247 108 108 0 0 0 0 0 0 0.304225
247 0.0029613133 463 247 108 108 0 0 0 0 0 0 0.304225
248 0.0029734413 462 246 108 108 0 0 0 0 0 0 0.305085
249 0.0029860527 462 246 108 108 0 0 0 0 0 0 0.305085
250 0.0029972131 462 246 108 108 0 0 0 0 0 0 0.305085
251 0.0030052137 462 246 108 108 0 0 0 0 0 0 0.305085
252 0.0030191507 462 246 108 108 0 0 0 0 0 0 0.305085
253 0.0030345735 462 246 108 108 0 0 0 0 0 0 0.305085
254 0.0030468357 462 246 108 108 0 0 0 0 0 0 0.305085
255 0.0030474568 462 248 107 107 0 0 0 0 0 0 0.301408
256 0.0030632203 462 248 107 107 0 0 0 0 0 0 0.301408
257 0.0030726751 462 248 107 107 0 0 0 0 0 0 0.301408
258 0.003078777 462 248 107 107 0 0 0 0 0 0 0.301408
259 0.0030837419 462 248 107 107 0 0 0 0 0 0 0.301408
260 0.003100976 462 248 107 107 0 0 0 0 0 0 0.301408
261 0.0031158215 462 248 107 107 0 0 0 0 0 0 0.301408
262 0.0031238635 462 248 107 107 0 0 0 0 0 0 0.301408
263 0.0031425419 462 248 107 107 0 0 0 0 0 0 0.301408
264 0.0031509958 462 248 107 107 0 0 0 0 0 0 0.301408
265 0.0031535214 462 250 106 106 0 0 0 0 0 0 0.297753
266 0.0031687041 462 250 106 106 0 0 0 0 0 0 0.297753
267 0.0031720977 462 250 106 106 0 0 0 0 0 0 0.297753
268 0.0031839658 462 250 106 106 0 0 0 0 0 0 0.297753
269 0.0031951079 462 250 106 106 0 0 0 0 0 0 0.297753
270 0.0032020288 462 250 106 106 0 0 0 0 0 0 0.297753
271 0.0032108618 462 250 106 106 0 0 0 0 0 0 0.297753
272 0.0032123944 462 250 106 106 0 0 0 0 0 0 0.297753
273 0.003219559 462 250 106 106 0 0 0 0 0 0 0.297753
274 0.0032311009 462 250 106 106 0 0 0 0 0 0 0.297753
275 0.0032452009 462 250 106 106 0 0 0 0 0 0 0.297753
276 0.0032513138 462 250 106 106 0 0 0 0 0 0 0.297753
277 0.0032570165 462 250 106 106 0 0 0 0 0 0 0.297753
278 0.0032642213 462 250 106 106 0 0 0 0 0 0 0.297753
279 0.0032661097 462 250 106 106 0 0 0 0 0 0 0.297753
280 0.0032727792 462 250 106 106 0 0 0 0 0 0 0.297753
281 0.0032752833 462 250 106 106 0 0 0 0 0 0 0.297753
282 0.0032919735 462 250 106 106 0 0 0 0 0 0 0.297753
283 0.0032999486 462 250 106 106 0 0 0 0 0 0 0.297753
284 0.0033096461 462 250 106 106 0 0 0 0 0 0 0.297753
285 0.0033193899 462 250 106 106 0 0 0 0 0 0 0.297753
286 0.0033311466 462 250 106 106 0 0 0 0 0 0 0.297753
287 0.0033404079 462 250 106 106 0 0 0 0 0 0 0.297753
288 0.0033580509 462 250 106 106 0 0 0 0 0 0 0.297753
289 0.0033606587 462 250 106 106 0 0 0 0 0 0 0.297753
290 0.0033630935 462 250 106 106 0 0 0 0 0 0 0.297753
291 0.0033660914 462 250 106 106 0 0 0 0 0 0 0.297753
292 0.0033783533 462 250 106 106 0 0 0 0 0 0 0.297753
293 0.0033865879 462 250 106 106 0 0 0 0 0 0 0.297753
294 0.0034006255 462 250 106 106 0 0 0 0 0 0 0.297753
295 0.0034107189 462 250 106 106 0 0 0 0 0 0 0.297753
